1.422122662539138660e-01 9.898361840865010919e-01 0.000000000000000000e+00 -4.042391577928441393e+00 -9.898361840865010919e-01 1.422122662539138660e-01 -0.000000000000000000e+00 1.179266330301966814e+00 -0.000000000000000000e+00 0.000000000000000000e+00 1.000000000000000000e+00 0.000000000000000000e+00
1.831100607648920575e-01 9.830924196873241927e-01 0.000000000000000000e+00 -4.039159964497315514e+00 -9.830924196873241927e-01 1.831100607648920575e-01 -0.000000000000000000e+00 1.159668095857110170e+00 -0.000000000000000000e+00 0.000000000000000000e+00 1.000000000000000222e+00 0.000000000000000000e+00
1.831100607648920575e-01 9.830924196873241927e-01 0.000000000000000000e+00 -4.039159964497315514e+00 -9.830924196873241927e-01 1.831100607648920575e-01 -0.000000000000000000e+00 1.159668095857110170e+00 -0.000000000000000000e+00 0.000000000000000000e+00 1.000000000000000222e+00 0.000000000000000000e+00
1.831100607648920575e-01 9.830924196873241927e-01 0.000000000000000000e+00 -4.039159964497315514e+00 -9.830924196873241927e-01 1.831100607648920575e-01 -0.000000000000000000e+00 1.159668095857110170e+00 -0.000000000000000000e+00 0.000000000000000000e+00 1.000000000000000222e+00 0.000000000000000000e+00
1.831100607648920575e-01 9.830924196873241927e-01 0.000000000000000000e+00 -4.039159964497315514e+00 -9.830924196873241927e-01 1.831100607648920575e-01 -0.000000000000000000e+00 1.159668095857110170e+00 -0.000000000000000000e+00 0.000000000000000000e+00 1.000000000000000222e+00 0.000000000000000000e+00
2.219884226269058791e-01 9.750493014302499262e-01 0.000000000000000000e+00 -4.035150385654645788e+00 -9.750493014302499262e-01 2.219884226269058791e-01 -0.000000000000000000e+00 1.140286822319235949e+00 -0.000000000000000000e+00 0.000000000000000000e+00 1.000000000000000000e+00 0.000000000000000000e+00
2.219884226269058791e-01 9.750493014302499262e-01 0.000000000000000000e+00 -4.035150385654645788e+00 -9.750493014302499262e-01 2.219884226269058791e-01 -0.000000000000000000e+00 1.140286822319235949e+00 -0.000000000000000000e+00 0.000000000000000000e+00 1.000000000000000000e+00 0.000000000000000000e+00
2.219884226269058791e-01 9.750493014302499262e-01 0.000000000000000000e+00 -4.035150385654645788e+00 -9.750493014302499262e-01 2.219884226269058791e-01 -0.000000000000000000e+00 1.140286822319235949e+00 -0.000000000000000000e+00 0.000000000000000000e+00 1.000000000000000000e+00 0.000000000000000000e+00
2.219884226269058791e-01 9.750493014302499262e-01 0.000000000000000000e+00 -4.035150385654645788e+00 -9.750493014302499262e-01 2.219884226269058791e-01 -0.000000000000000000e+00 1.140286822319235949e+00 -0.000000000000000000e+00 0.000000000000000000e+00 1.000000000000000000e+00 0.000000000000000000e+00
2.630173443994293092e-01 9.647911051336821586e-01 0.000000000000000000e+00 -4.030081656488704311e+00 -9.647911051336821586e-01 2.630173443994293092e-01 -0.000000000000000000e+00 1.120013813004102854e+00 -0.000000000000000000e+00 0.000000000000000000e+00 1.000000000000000000e+00 0.000000000000000000e+00
2.630173443994293092e-01 9.647911051336821586e-01 0.000000000000000000e+00 -4.030081656488704311e+00 -9.647911051336821586e-01 2.630173443994293092e-01 -0.000000000000000000e+00 1.120013813004102854e+00 -0.000000000000000000e+00 0.000000000000000000e+00 1.000000000000000000e+00 0.000000000000000000e+00
2.630173443994293092e-01 9.647911051336821586e-01 0.000000000000000000e+00 -4.030081656488704311e+00 -9.647911051336821586e-01 2.630173443994293092e-01 -0.000000000000000000e+00 1.120013813004102854e+00 -0.000000000000000000e+00 0.000000000000000000e+00 1.000000000000000000e+00 0.000000000000000000e+00
2.630173443994293092e-01 9.647911051336821586e-01 0.000000000000000000e+00 -4.030081656488704311e+00 -9.647911051336821586e-01 2.630173443994293092e-01 -0.000000000000000000e+00 1.120013813004102854e+00 -0.000000000000000000e+00 0.000000000000000000e+00 1.000000000000000000e+00 0.000000000000000000e+00
2.999325395697537977e-01 9.539604141195997533e-01 0.000000000000000000e+00 -4.024772274966466057e+00 -9.539604141195997533e-01 2.999325395697537977e-01 -0.000000000000000000e+00 1.101917379051652102e+00 -0.000000000000000000e+00 0.000000000000000000e+00 1.000000000000000000e+00 0.000000000000000000e+00
2.999325395697537977e-01 9.539604141195997533e-01 0.000000000000000000e+00 -4.024772274966466057e+00 -9.539604141195997533e-01 2.999325395697537977e-01 -0.000000000000000000e+00 1.101917379051652102e+00 -0.000000000000000000e+00 0.000000000000000000e+00 1.000000000000000000e+00 0.000000000000000000e+00
2.999325395697537977e-01 9.539604141195997533e-01 0.000000000000000000e+00 -4.024772274966466057e+00 -9.539604141195997533e-01 2.999325395697537977e-01 -0.000000000000000000e+00 1.101917379051652102e+00 -0.000000000000000000e+00 0.000000000000000000e+00 1.000000000000000000e+00 0.000000000000000000e+00
2.999325395697537977e-01 9.539604141195997533e-01 0.000000000000000000e+00 -4.024772274966466057e+00 -9.539604141195997533e-01 2.999325395697537977e-01 -0.000000000000000000e+00 1.101917379051652102e+00 -0.000000000000000000e+00 0.000000000000000000e+00 1.000000000000000000e+00 0.000000000000000000e+00
3.373795640245167982e-01 9.413687002331377895e-01 0.000000000000000000e+00 -4.018169278471845018e+00 -9.413687002331377895e-01 3.373795640245167982e-01 -0.000000000000000000e+00 1.082280451879110483e+00 -0.000000000000000000e+00 0.000000000000000000e+00 1.000000000000000222e+00 0.000000000000000000e+00
3.373795640245167982e-01 9.413687002331377895e-01 0.000000000000000000e+00 -4.018169278471845018e+00 -9.413687002331377895e-01 3.373795640245167982e-01 -0.000000000000000000e+00 1.082280451879110483e+00 -0.000000000000000000e+00 0.000000000000000000e+00 1.000000000000000222e+00 0.000000000000000000e+00
3.373795640245167982e-01 9.413687002331377895e-01 0.000000000000000000e+00 -4.018169278471845018e+00 -9.413687002331377895e-01 3.373795640245167982e-01 -0.000000000000000000e+00 1.082280451879110483e+00 -0.000000000000000000e+00 0.000000000000000000e+00 1.000000000000000222e+00 0.000000000000000000e+00
3.373795640245167982e-01 9.413687002331377895e-01 0.000000000000000000e+00 -4.018169278471845018e+00 -9.413687002331377895e-01 3.373795640245167982e-01 -0.000000000000000000e+00 1.082280451879110483e+00 -0.000000000000000000e+00 0.000000000000000000e+00 1.000000000000000222e+00 0.000000000000000000e+00
3.775410448943574693e-01 9.259928506311897456e-01 0.000000000000000000e+00 -4.011004403892087566e+00 -9.259928506311897456e-01 3.775410448943574693e-01 -0.000000000000000000e+00 1.063565908447113184e+00 -0.000000000000000000e+00 0.000000000000000000e+00 1.000000000000000000e+00 0.000000000000000000e+00
3.775410448943574693e-01 9.259928506311897456e-01 0.000000000000000000e+00 -4.011004403892087566e+00 -9.259928506311897456e-01 3.775410448943574693e-01 -0.000000000000000000e+00 1.063565908447113184e+00 -0.000000000000000000e+00 0.000000000000000000e+00 1.000000000000000000e+00 0.000000000000000000e+00
3.775410448943574693e-01 9.259928506311897456e-01 0.000000000000000000e+00 -4.011004403892087566e+00 -9.259928506311897456e-01 3.775410448943574693e-01 -0.000000000000000000e+00 1.063565908447113184e+00 -0.000000000000000000e+00 0.000000000000000000e+00 1.000000000000000000e+00 0.000000000000000000e+00
3.775410448943574693e-01 9.259928506311897456e-01 0.000000000000000000e+00 -4.011004403892087566e+00 -9.259928506311897456e-01 3.775410448943574693e-01 -0.000000000000000000e+00 1.063565908447113184e+00 -0.000000000000000000e+00 0.000000000000000000e+00 1.000000000000000000e+00 0.000000000000000000e+00
4.141765374430161351e-01 9.101965698857111819e-01 0.000000000000000000e+00 -4.003105037572908032e+00 -9.101965698857111819e-01 4.141765374430161351e-01 -0.000000000000000000e+00 1.045245316326823382e+00 -0.000000000000000000e+00 0.000000000000000000e+00 1.000000000000000222e+00 0.000000000000000000e+00
4.141765374430161351e-01 9.101965698857111819e-01 0.000000000000000000e+00 -4.003105037572908032e+00 -9.101965698857111819e-01 4.141765374430161351e-01 -0.000000000000000000e+00 1.045245316326823382e+00 -0.000000000000000000e+00 0.000000000000000000e+00 1.000000000000000222e+00 0.000000000000000000e+00
4.141765374430161351e-01 9.101965698857111819e-01 0.000000000000000000e+00 -4.003105037572908032e+00 -9.101965698857111819e-01 4.141765374430161351e-01 -0.000000000000000000e+00 1.045245316326823382e+00 -0.000000000000000000e+00 0.000000000000000000e+00 1.000000000000000222e+00 0.000000000000000000e+00
4.141765374430161351e-01 9.101965698857111819e-01 0.000000000000000000e+00 -4.003105037572908032e+00 -9.101965698857111819e-01 4.141765374430161351e-01 -0.000000000000000000e+00 1.045245316326823382e+00 -0.000000000000000000e+00 0.000000000000000000e+00 1.000000000000000222e+00 0.000000000000000000e+00
4.485905245860394297e-01 8.937374006114000569e-01 0.000000000000000000e+00 -3.994586161065029728e+00 -8.937374006114000569e-01 4.485905245860394297e-01 -0.000000000000000000e+00 1.027433451712336687e+00 -0.000000000000000000e+00 0.000000000000000000e+00 1.000000000000000000e+00 0.000000000000000000e+00
4.485905245860394297e-01 8.937374006114000569e-01 0.000000000000000000e+00 -3.994586161065029728e+00 -8.937374006114000569e-01 4.485905245860394297e-01 -0.000000000000000000e+00 1.027433451712336687e+00 -0.000000000000000000e+00 0.000000000000000000e+00 1.000000000000000000e+00 0.000000000000000000e+00
4.485905245860394297e-01 8.937374006114000569e-01 0.000000000000000000e+00 -3.994586161065029728e+00 -8.937374006114000569e-01 4.485905245860394297e-01 -0.000000000000000000e+00 1.027433451712336687e+00 -0.000000000000000000e+00 0.000000000000000000e+00 1.000000000000000000e+00 0.000000000000000000e+00
4.485905245860394297e-01 8.937374006114000569e-01 0.000000000000000000e+00 -3.994586161065029728e+00 -8.937374006114000569e-01 4.485905245860394297e-01 -0.000000000000000000e+00 1.027433451712336687e+00 -0.000000000000000000e+00 0.000000000000000000e+00 1.000000000000000000e+00 0.000000000000000000e+00
4.865447080953690384e-01 8.736556799016373942e-01 0.000000000000000000e+00 -3.985295192997085678e+00 -8.736556799016373942e-01 4.865447080953690384e-01 -0.000000000000000000e+00 1.009873645827379374e+00 -0.000000000000000000e+00 0.000000000000000000e+00 1.000000000000000000e+00 0.000000000000000000e+00
4.865447080953690384e-01 8.736556799016373942e-01 0.000000000000000000e+00 -3.985295192997085678e+00 -8.736556799016373942e-01 4.865447080953690384e-01 -0.000000000000000000e+00 1.009873645827379374e+00 -0.000000000000000000e+00 0.000000000000000000e+00 1.000000000000000000e+00 0.000000000000000000e+00
4.865447080953690384e-01 8.736556799016373942e-01 0.000000000000000000e+00 -3.985295192997085678e+00 -8.736556799016373942e-01 4.865447080953690384e-01 -0.000000000000000000e+00 1.009873645827379374e+00 -0.000000000000000000e+00 0.000000000000000000e+00 1.000000000000000000e+00 0.000000000000000000e+00
4.865447080953690384e-01 8.736556799016373942e-01 0.000000000000000000e+00 -3.985295192997085678e+00 -8.736556799016373942e-01 4.865447080953690384e-01 -0.000000000000000000e+00 1.009873645827379374e+00 -0.000000000000000000e+00 0.000000000000000000e+00 1.000000000000000000e+00 0.000000000000000000e+00
5.207846734942052080e-01 8.536880717531047935e-01 0.000000000000000000e+00 -3.975302659633683788e+00 -8.536880717531047935e-01 5.207846734942052080e-01 -0.000000000000000000e+00 9.927386925371552984e-01 -0.000000000000000000e+00 0.000000000000000000e+00 1.000000000000000000e+00 0.000000000000000000e+00
5.207846734942052080e-01 8.536880717531047935e-01 0.000000000000000000e+00 -3.975302659633683788e+00 -8.536880717531047935e-01 5.207846734942052080e-01 -0.000000000000000000e+00 9.927386925371552984e-01 -0.000000000000000000e+00 0.000000000000000000e+00 1.000000000000000000e+00 0.000000000000000000e+00
5.207846734942052080e-01 8.536880717531047935e-01 0.000000000000000000e+00 -3.975302659633683788e+00 -8.536880717531047935e-01 5.207846734942052080e-01 -0.000000000000000000e+00 9.927386925371552984e-01 -0.000000000000000000e+00 0.000000000000000000e+00 1.000000000000000000e+00 0.000000000000000000e+00
5.207846734942052080e-01 8.536880717531047935e-01 0.000000000000000000e+00 -3.975302659633683788e+00 -8.536880717531047935e-01 5.207846734942052080e-01 -0.000000000000000000e+00 9.927386925371552984e-01 -0.000000000000000000e+00 0.000000000000000000e+00 1.000000000000000000e+00 0.000000000000000000e+00
5.528578822632093104e-01 8.332755618758055371e-01 0.000000000000000000e+00 -3.964639735135364162e+00 -8.332755618758055371e-01 5.528578822632093104e-01 -0.000000000000000000e+00 9.759845440091754476e-01 -0.000000000000000000e+00 0.000000000000000000e+00 1.000000000000000000e+00 0.000000000000000000e+00
5.528578822632093104e-01 8.332755618758055371e-01 0.000000000000000000e+00 -3.964639735135364162e+00 -8.332755618758055371e-01 5.528578822632093104e-01 -0.000000000000000000e+00 9.759845440091754476e-01 -0.000000000000000000e+00 0.000000000000000000e+00 1.000000000000000000e+00 0.000000000000000000e+00
5.528578822632093104e-01 8.332755618758055371e-01 0.000000000000000000e+00 -3.964639735135364162e+00 -8.332755618758055371e-01 5.528578822632093104e-01 -0.000000000000000000e+00 9.759845440091754476e-01 -0.000000000000000000e+00 0.000000000000000000e+00 1.000000000000000000e+00 0.000000000000000000e+00
5.528578822632093104e-01 8.332755618758055371e-01 0.000000000000000000e+00 -3.964639735135364162e+00 -8.332755618758055371e-01 5.528578822632093104e-01 -0.000000000000000000e+00 9.759845440091754476e-01 -0.000000000000000000e+00 0.000000000000000000e+00 1.000000000000000000e+00 0.000000000000000000e+00
5.890105226898318946e-01 8.081253641364383178e-01 0.000000000000000000e+00 -3.952692444163488972e+00 -8.081253641364383178e-01 5.890105226898318946e-01 -0.000000000000000000e+00 9.588106763364936391e-01 -0.000000000000000000e+00 0.000000000000000000e+00 1.000000000000000000e+00 0.000000000000000000e+00
5.890105226898318946e-01 8.081253641364383178e-01 0.000000000000000000e+00 -3.952692444163488972e+00 -8.081253641364383178e-01 5.890105226898318946e-01 -0.000000000000000000e+00 9.588106763364936391e-01 -0.000000000000000000e+00 0.000000000000000000e+00 1.000000000000000000e+00 0.000000000000000000e+00
5.890105226898318946e-01 8.081253641364383178e-01 0.000000000000000000e+00 -3.952692444163488972e+00 -8.081253641364383178e-01 5.890105226898318946e-01 -0.000000000000000000e+00 9.588106763364936391e-01 -0.000000000000000000e+00 0.000000000000000000e+00 1.000000000000000000e+00 0.000000000000000000e+00
5.890105226898318946e-01 8.081253641364383178e-01 0.000000000000000000e+00 -3.952692444163488972e+00 -8.081253641364383178e-01 5.890105226898318946e-01 -0.000000000000000000e+00 9.588106763364936391e-01 -0.000000000000000000e+00 0.000000000000000000e+00 1.000000000000000000e+00 0.000000000000000000e+00
6.213853867189460534e-01 7.835050741202291835e-01 0.000000000000000000e+00 -3.940689506667780506e+00 -7.835050741202291835e-01 6.213853867189460534e-01 -0.000000000000000000e+00 9.430272118004228155e-01 -0.000000000000000000e+00 0.000000000000000000e+00 1.000000000000000000e+00 0.000000000000000000e+00
6.213853867189460534e-01 7.835050741202291835e-01 0.000000000000000000e+00 -3.940689506667780506e+00 -7.835050741202291835e-01 6.213853867189460534e-01 -0.000000000000000000e+00 9.430272118004228155e-01 -0.000000000000000000e+00 0.000000000000000000e+00 1.000000000000000000e+00 0.000000000000000000e+00
6.213853867189460534e-01 7.835050741202291835e-01 0.000000000000000000e+00 -3.940689506667780506e+00 -7.835050741202291835e-01 6.213853867189460534e-01 -0.000000000000000000e+00 9.430272118004228155e-01 -0.000000000000000000e+00 0.000000000000000000e+00 1.000000000000000000e+00 0.000000000000000000e+00
6.213853867189460534e-01 7.835050741202291835e-01 0.000000000000000000e+00 -3.940689506667780506e+00 -7.835050741202291835e-01 6.213853867189460534e-01 -0.000000000000000000e+00 9.430272118004228155e-01 -0.000000000000000000e+00 0.000000000000000000e+00 1.000000000000000000e+00 0.000000000000000000e+00
6.498816761719146129e-01 7.600353985019266956e-01 0.000000000000000000e+00 -3.928035973298477757e+00 -7.600353985019266956e-01 6.498816761719146129e-01 -0.000000000000000000e+00 9.276636098327304403e-01 -0.000000000000000000e+00 0.000000000000000000e+00 1.000000000000000000e+00 0.000000000000000000e+00
6.498816761719146129e-01 7.600353985019266956e-01 0.000000000000000000e+00 -3.928035973298477757e+00 -7.600353985019266956e-01 6.498816761719146129e-01 -0.000000000000000000e+00 9.276636098327304403e-01 -0.000000000000000000e+00 0.000000000000000000e+00 1.000000000000000000e+00 0.000000000000000000e+00
6.498816761719146129e-01 7.600353985019266956e-01 0.000000000000000000e+00 -3.928035973298477757e+00 -7.600353985019266956e-01 6.498816761719146129e-01 -0.000000000000000000e+00 9.276636098327304403e-01 -0.000000000000000000e+00 0.000000000000000000e+00 1.000000000000000000e+00 0.000000000000000000e+00
6.498816761719146129e-01 7.600353985019266956e-01 0.000000000000000000e+00 -3.928035973298477757e+00 -7.600353985019266956e-01 6.498816761719146129e-01 -0.000000000000000000e+00 9.276636098327304403e-01 -0.000000000000000000e+00 0.000000000000000000e+00 1.000000000000000000e+00 0.000000000000000000e+00
6.815314195545940645e-01 7.317888521697362147e-01 0.000000000000000000e+00 -3.914726610022711384e+00 -7.317888521697362147e-01 6.815314195545940645e-01 -0.000000000000000000e+00 9.127507102491523305e-01 -0.000000000000000000e+00 0.000000000000000000e+00 1.000000000000000000e+00 0.000000000000000000e+00
6.815314195545940645e-01 7.317888521697362147e-01 0.000000000000000000e+00 -3.914726610022711384e+00 -7.317888521697362147e-01 6.815314195545940645e-01 -0.000000000000000000e+00 9.127507102491523305e-01 -0.000000000000000000e+00 0.000000000000000000e+00 1.000000000000000000e+00 0.000000000000000000e+00
6.815314195545940645e-01 7.317888521697362147e-01 0.000000000000000000e+00 -3.914726610022711384e+00 -7.317888521697362147e-01 6.815314195545940645e-01 -0.000000000000000000e+00 9.127507102491523305e-01 -0.000000000000000000e+00 0.000000000000000000e+00 1.000000000000000000e+00 0.000000000000000000e+00
6.815314195545940645e-01 7.317888521697362147e-01 0.000000000000000000e+00 -3.914726610022711384e+00 -7.317888521697362147e-01 6.815314195545940645e-01 -0.000000000000000000e+00 9.127507102491523305e-01 -0.000000000000000000e+00 0.000000000000000000e+00 1.000000000000000000e+00 0.000000000000000000e+00
7.103609610561151255e-01 7.038375558375900010e-01 0.000000000000000000e+00 -3.900985294680225479e+00 -7.038375558375900010e-01 7.103609610561151255e-01 -0.000000000000000000e+00 8.985776346923972646e-01 -0.000000000000000000e+00 0.000000000000000000e+00 1.000000000000000000e+00 0.000000000000000000e+00
7.103609610561151255e-01 7.038375558375900010e-01 0.000000000000000000e+00 -3.900985294680225479e+00 -7.038375558375900010e-01 7.103609610561151255e-01 -0.000000000000000000e+00 8.985776346923972646e-01 -0.000000000000000000e+00 0.000000000000000000e+00 1.000000000000000000e+00 0.000000000000000000e+00
7.103609610561151255e-01 7.038375558375900010e-01 0.000000000000000000e+00 -3.900985294680225479e+00 -7.038375558375900010e-01 7.103609610561151255e-01 -0.000000000000000000e+00 8.985776346923972646e-01 -0.000000000000000000e+00 0.000000000000000000e+00 1.000000000000000000e+00 0.000000000000000000e+00
7.103609610561151255e-01 7.038375558375900010e-01 0.000000000000000000e+00 -3.900985294680225479e+00 -7.038375558375900010e-01 7.103609610561151255e-01 -0.000000000000000000e+00 8.985776346923972646e-01 -0.000000000000000000e+00 0.000000000000000000e+00 1.000000000000000000e+00 0.000000000000000000e+00
7.443495238217876508e-01 6.677902263332986532e-01 0.000000000000000000e+00 -3.886151098373460400e+00 -6.677902263332986532e-01 7.443495238217876508e-01 -0.000000000000000000e+00 8.845906625317598859e-01 -0.000000000000000000e+00 0.000000000000000000e+00 1.000000000000000222e+00 0.000000000000000000e+00
7.443495238217876508e-01 6.677902263332986532e-01 0.000000000000000000e+00 -3.886151098373460400e+00 -6.677902263332986532e-01 7.443495238217876508e-01 -0.000000000000000000e+00 8.845906625317598859e-01 -0.000000000000000000e+00 0.000000000000000000e+00 1.000000000000000222e+00 0.000000000000000000e+00
7.443495238217876508e-01 6.677902263332986532e-01 0.000000000000000000e+00 -3.886151098373460400e+00 -6.677902263332986532e-01 7.443495238217876508e-01 -0.000000000000000000e+00 8.845906625317598859e-01 -0.000000000000000000e+00 0.000000000000000000e+00 1.000000000000000222e+00 0.000000000000000000e+00
7.443495238217876508e-01 6.677902263332986532e-01 0.000000000000000000e+00 -3.886151098373460400e+00 -6.677902263332986532e-01 7.443495238217876508e-01 -0.000000000000000000e+00 8.845906625317598859e-01 -0.000000000000000000e+00 0.000000000000000000e+00 1.000000000000000222e+00 0.000000000000000000e+00
7.646227082900067806e-01 6.444781718314868124e-01 0.000000000000000000e+00 -3.871559617768156158e+00 -6.444781718314868124e-01 7.646227082900067806e-01 -0.000000000000000000e+00 8.719012704493667165e-01 -0.000000000000000000e+00 0.000000000000000000e+00 1.000000000000000222e+00 0.000000000000000000e+00
7.646227082900067806e-01 6.444781718314868124e-01 0.000000000000000000e+00 -3.871559617768156158e+00 -6.444781718314868124e-01 7.646227082900067806e-01 -0.000000000000000000e+00 8.719012704493667165e-01 -0.000000000000000000e+00 0.000000000000000000e+00 1.000000000000000222e+00 0.000000000000000000e+00
7.646227082900067806e-01 6.444781718314868124e-01 0.000000000000000000e+00 -3.871559617768156158e+00 -6.444781718314868124e-01 7.646227082900067806e-01 -0.000000000000000000e+00 8.719012704493667165e-01 -0.000000000000000000e+00 0.000000000000000000e+00 1.000000000000000222e+00 0.000000000000000000e+00
7.646227082900067806e-01 6.444781718314868124e-01 0.000000000000000000e+00 -3.871559617768156158e+00 -6.444781718314868124e-01 7.646227082900067806e-01 -0.000000000000000000e+00 8.719012704493667165e-01 -0.000000000000000000e+00 0.000000000000000000e+00 1.000000000000000222e+00 0.000000000000000000e+00
7.963104236424263238e-01 6.048881790863661623e-01 0.000000000000000000e+00 -3.855541405926572907e+00 -6.048881790863661623e-01 7.963104236424263238e-01 -0.000000000000000000e+00 8.590803402291800062e-01 -0.000000000000000000e+00 0.000000000000000000e+00 1.000000000000000222e+00 0.000000000000000000e+00
7.963104236424263238e-01 6.048881790863661623e-01 0.000000000000000000e+00 -3.855541405926572907e+00 -6.048881790863661623e-01 7.963104236424263238e-01 -0.000000000000000000e+00 8.590803402291800062e-01 -0.000000000000000000e+00 0.000000000000000000e+00 1.000000000000000222e+00 0.000000000000000000e+00
7.963104236424263238e-01 6.048881790863661623e-01 0.000000000000000000e+00 -3.855541405926572907e+00 -6.048881790863661623e-01 7.963104236424263238e-01 -0.000000000000000000e+00 8.590803402291800062e-01 -0.000000000000000000e+00 0.000000000000000000e+00 1.000000000000000222e+00 0.000000000000000000e+00
7.963104236424263238e-01 6.048881790863661623e-01 0.000000000000000000e+00 -3.855541405926572907e+00 -6.048881790863661623e-01 7.963104236424263238e-01 -0.000000000000000000e+00 8.590803402291800062e-01 -0.000000000000000000e+00 0.000000000000000000e+00 1.000000000000000222e+00 0.000000000000000000e+00
8.149536859160874114e-01 5.795260907084195390e-01 0.000000000000000000e+00 -3.839253117988931763e+00 -5.795260907084195390e-01 8.149536859160874114e-01 -0.000000000000000000e+00 8.471070839839245359e-01 -0.000000000000000000e+00 0.000000000000000000e+00 1.000000000000000000e+00 0.000000000000000000e+00
8.149536859160874114e-01 5.795260907084195390e-01 0.000000000000000000e+00 -3.839253117988931763e+00 -5.795260907084195390e-01 8.149536859160874114e-01 -0.000000000000000000e+00 8.471070839839245359e-01 -0.000000000000000000e+00 0.000000000000000000e+00 1.000000000000000000e+00 0.000000000000000000e+00
8.149536859160874114e-01 5.795260907084195390e-01 0.000000000000000000e+00 -3.839253117988931763e+00 -5.795260907084195390e-01 8.149536859160874114e-01 -0.000000000000000000e+00 8.471070839839245359e-01 -0.000000000000000000e+00 0.000000000000000000e+00 1.000000000000000000e+00 0.000000000000000000e+00
8.149536859160874114e-01 5.795260907084195390e-01 0.000000000000000000e+00 -3.839253117988931763e+00 -5.795260907084195390e-01 8.149536859160874114e-01 -0.000000000000000000e+00 8.471070839839245359e-01 -0.000000000000000000e+00 0.000000000000000000e+00 1.000000000000000000e+00 0.000000000000000000e+00
8.377750561050818501e-01 5.460155266731224755e-01 0.000000000000000000e+00 -3.822757294128763306e+00 -5.460155266731224755e-01 8.377750561050818501e-01 -0.000000000000000000e+00 8.358730948345924894e-01 -0.000000000000000000e+00 0.000000000000000000e+00 1.000000000000000222e+00 0.000000000000000000e+00
8.377750561050818501e-01 5.460155266731224755e-01 0.000000000000000000e+00 -3.822757294128763306e+00 -5.460155266731224755e-01 8.377750561050818501e-01 -0.000000000000000000e+00 8.358730948345924894e-01 -0.000000000000000000e+00 0.000000000000000000e+00 1.000000000000000222e+00 0.000000000000000000e+00
8.377750561050818501e-01 5.460155266731224755e-01 0.000000000000000000e+00 -3.822757294128763306e+00 -5.460155266731224755e-01 8.377750561050818501e-01 -0.000000000000000000e+00 8.358730948345924894e-01 -0.000000000000000000e+00 0.000000000000000000e+00 1.000000000000000222e+00 0.000000000000000000e+00
8.377750561050818501e-01 5.460155266731224755e-01 0.000000000000000000e+00 -3.822757294128763306e+00 -5.460155266731224755e-01 8.377750561050818501e-01 -0.000000000000000000e+00 8.358730948345924894e-01 -0.000000000000000000e+00 0.000000000000000000e+00 1.000000000000000222e+00 0.000000000000000000e+00
8.585558560548401941e-01 5.127200425514305548e-01 0.000000000000000000e+00 -3.805907038699018585e+00 -5.127200425514305548e-01 8.585558560548401941e-01 -0.000000000000000000e+00 8.253562985735203306e-01 -0.000000000000000000e+00 0.000000000000000000e+00 1.000000000000000222e+00 0.000000000000000000e+00
8.585558560548401941e-01 5.127200425514305548e-01 0.000000000000000000e+00 -3.805907038699018585e+00 -5.127200425514305548e-01 8.585558560548401941e-01 -0.000000000000000000e+00 8.253562985735203306e-01 -0.000000000000000000e+00 0.000000000000000000e+00 1.000000000000000222e+00 0.000000000000000000e+00
8.585558560548401941e-01 5.127200425514305548e-01 0.000000000000000000e+00 -3.805907038699018585e+00 -5.127200425514305548e-01 8.585558560548401941e-01 -0.000000000000000000e+00 8.253562985735203306e-01 -0.000000000000000000e+00 0.000000000000000000e+00 1.000000000000000222e+00 0.000000000000000000e+00
8.585558560548401941e-01 5.127200425514305548e-01 0.000000000000000000e+00 -3.805907038699018585e+00 -5.127200425514305548e-01 8.585558560548401941e-01 -0.000000000000000000e+00 8.253562985735203306e-01 -0.000000000000000000e+00 0.000000000000000000e+00 1.000000000000000222e+00 0.000000000000000000e+00
8.774244154008080665e-01 4.797149103984055807e-01 0.000000000000000000e+00 -3.788766164059865105e+00 -4.797149103984055807e-01 8.774244154008080665e-01 -0.000000000000000000e+00 8.155571068452860395e-01 -0.000000000000000000e+00 0.000000000000000000e+00 1.000000000000000000e+00 0.000000000000000000e+00
8.774244154008080665e-01 4.797149103984055807e-01 0.000000000000000000e+00 -3.788766164059865105e+00 -4.797149103984055807e-01 8.774244154008080665e-01 -0.000000000000000000e+00 8.155571068452860395e-01 -0.000000000000000000e+00 0.000000000000000000e+00 1.000000000000000000e+00 0.000000000000000000e+00
8.774244154008080665e-01 4.797149103984055807e-01 0.000000000000000000e+00 -3.788766164059865105e+00 -4.797149103984055807e-01 8.774244154008080665e-01 -0.000000000000000000e+00 8.155571068452860395e-01 -0.000000000000000000e+00 0.000000000000000000e+00 1.000000000000000000e+00 0.000000000000000000e+00
8.774244154008080665e-01 4.797149103984055807e-01 0.000000000000000000e+00 -3.788766164059865105e+00 -4.797149103984055807e-01 8.774244154008080665e-01 -0.000000000000000000e+00 8.155571068452860395e-01 -0.000000000000000000e+00 0.000000000000000000e+00 1.000000000000000000e+00 0.000000000000000000e+00
8.974667372672546772e-01 4.410821414417824271e-01 0.000000000000000000e+00 -3.771086604992973434e+00 -4.410821414417824271e-01 8.974667372672546772e-01 -0.000000000000000000e+00 8.063851161675716916e-01 -0.000000000000000000e+00 0.000000000000000000e+00 1.000000000000000000e+00 0.000000000000000000e+00
8.974667372672546772e-01 4.410821414417824271e-01 0.000000000000000000e+00 -3.771086604992973434e+00 -4.410821414417824271e-01 8.974667372672546772e-01 -0.000000000000000000e+00 8.063851161675716916e-01 -0.000000000000000000e+00 0.000000000000000000e+00 1.000000000000000000e+00 0.000000000000000000e+00
8.974667372672546772e-01 4.410821414417824271e-01 0.000000000000000000e+00 -3.771086604992973434e+00 -4.410821414417824271e-01 8.974667372672546772e-01 -0.000000000000000000e+00 8.063851161675716916e-01 -0.000000000000000000e+00 0.000000000000000000e+00 1.000000000000000000e+00 0.000000000000000000e+00
8.974667372672546772e-01 4.410821414417824271e-01 0.000000000000000000e+00 -3.771086604992973434e+00 -4.410821414417824271e-01 8.974667372672546772e-01 -0.000000000000000000e+00 8.063851161675716916e-01 -0.000000000000000000e+00 0.000000000000000000e+00 1.000000000000000000e+00 0.000000000000000000e+00
8.974667372672546772e-01 4.410821414417824271e-01 0.000000000000000000e+00 -3.771086604992973434e+00 -4.410821414417824271e-01 8.974667372672546772e-01 -0.000000000000000000e+00 8.063851161675716916e-01 -0.000000000000000000e+00 0.000000000000000000e+00 1.000000000000000000e+00 0.000000000000000000e+00
9.155487697311442963e-01 4.022069743848161738e-01 0.000000000000000000e+00 -3.752098941902744400e+00 -4.022069743848161738e-01 9.155487697311442963e-01 -0.000000000000000000e+00 7.975533711539770643e-01 -0.000000000000000000e+00 0.000000000000000000e+00 1.000000000000000000e+00 0.000000000000000000e+00
9.155487697311442963e-01 4.022069743848161738e-01 0.000000000000000000e+00 -3.752098941902744400e+00 -4.022069743848161738e-01 9.155487697311442963e-01 -0.000000000000000000e+00 7.975533711539770643e-01 -0.000000000000000000e+00 0.000000000000000000e+00 1.000000000000000000e+00 0.000000000000000000e+00
9.155487697311442963e-01 4.022069743848161738e-01 0.000000000000000000e+00 -3.752098941902744400e+00 -4.022069743848161738e-01 9.155487697311442963e-01 -0.000000000000000000e+00 7.975533711539770643e-01 -0.000000000000000000e+00 0.000000000000000000e+00 1.000000000000000000e+00 0.000000000000000000e+00
9.303180266567550039e-01 3.667538265342044079e-01 0.000000000000000000e+00 -3.733754051576482880e+00 -3.667538265342044079e-01 9.303180266567550039e-01 -0.000000000000000000e+00 7.899111611584390680e-01 -0.000000000000000000e+00 0.000000000000000000e+00 1.000000000000000000e+00 0.000000000000000000e+00
9.303180266567550039e-01 3.667538265342044079e-01 0.000000000000000000e+00 -3.733754051576482880e+00 -3.667538265342044079e-01 9.303180266567550039e-01 -0.000000000000000000e+00 7.899111611584390680e-01 -0.000000000000000000e+00 0.000000000000000000e+00 1.000000000000000000e+00 0.000000000000000000e+00
9.303180266567550039e-01 3.667538265342044079e-01 0.000000000000000000e+00 -3.733754051576482880e+00 -3.667538265342044079e-01 9.303180266567550039e-01 -0.000000000000000000e+00 7.899111611584390680e-01 -0.000000000000000000e+00 0.000000000000000000e+00 1.000000000000000000e+00 0.000000000000000000e+00
9.303180266567550039e-01 3.667538265342044079e-01 0.000000000000000000e+00 -3.733754051576482880e+00 -3.667538265342044079e-01 9.303180266567550039e-01 -0.000000000000000000e+00 7.899111611584390680e-01 -0.000000000000000000e+00 0.000000000000000000e+00 1.000000000000000000e+00 0.000000000000000000e+00
9.447599959474781706e-01 3.277629479628851872e-01 0.000000000000000000e+00 -3.715159594739901650e+00 -3.277629479628851872e-01 9.447599959474781706e-01 -0.000000000000000000e+00 7.830238947460617105e-01 -0.000000000000000000e+00 0.000000000000000000e+00 1.000000000000000000e+00 0.000000000000000000e+00
9.447599959474781706e-01 3.277629479628851872e-01 0.000000000000000000e+00 -3.715159594739901650e+00 -3.277629479628851872e-01 9.447599959474781706e-01 -0.000000000000000000e+00 7.830238947460617105e-01 -0.000000000000000000e+00 0.000000000000000000e+00 1.000000000000000000e+00 0.000000000000000000e+00
9.447599959474781706e-01 3.277629479628851872e-01 0.000000000000000000e+00 -3.715159594739901650e+00 -3.277629479628851872e-01 9.447599959474781706e-01 -0.000000000000000000e+00 7.830238947460617105e-01 -0.000000000000000000e+00 0.000000000000000000e+00 1.000000000000000000e+00 0.000000000000000000e+00
9.447599959474781706e-01 3.277629479628851872e-01 0.000000000000000000e+00 -3.715159594739901650e+00 -3.277629479628851872e-01 9.447599959474781706e-01 -0.000000000000000000e+00 7.830238947460617105e-01 -0.000000000000000000e+00 0.000000000000000000e+00 1.000000000000000000e+00 0.000000000000000000e+00
9.568563574546261608e-01 2.905613725164869487e-01 0.000000000000000000e+00 -3.696231495316254723e+00 -2.905613725164869487e-01 9.568563574546261608e-01 -0.000000000000000000e+00 7.768692858332957307e-01 -0.000000000000000000e+00 0.000000000000000000e+00 1.000000000000000000e+00 0.000000000000000000e+00
9.568563574546261608e-01 2.905613725164869487e-01 0.000000000000000000e+00 -3.696231495316254723e+00 -2.905613725164869487e-01 9.568563574546261608e-01 -0.000000000000000000e+00 7.768692858332957307e-01 -0.000000000000000000e+00 0.000000000000000000e+00 1.000000000000000000e+00 0.000000000000000000e+00
9.568563574546261608e-01 2.905613725164869487e-01 0.000000000000000000e+00 -3.696231495316254723e+00 -2.905613725164869487e-01 9.568563574546261608e-01 -0.000000000000000000e+00 7.768692858332957307e-01 -0.000000000000000000e+00 0.000000000000000000e+00 1.000000000000000000e+00 0.000000000000000000e+00
9.568563574546261608e-01 2.905613725164869487e-01 0.000000000000000000e+00 -3.696231495316254723e+00 -2.905613725164869487e-01 9.568563574546261608e-01 -0.000000000000000000e+00 7.768692858332957307e-01 -0.000000000000000000e+00 0.000000000000000000e+00 1.000000000000000000e+00 0.000000000000000000e+00
9.671600277087925024e-01 2.541682135955006805e-01 0.000000000000000000e+00 -3.677172021667587387e+00 -2.541682135955006805e-01 9.671600277087925024e-01 -0.000000000000000000e+00 7.714731474222804586e-01 -0.000000000000000000e+00 0.000000000000000000e+00 1.000000000000000222e+00 0.000000000000000000e+00
9.671600277087925024e-01 2.541682135955006805e-01 0.000000000000000000e+00 -3.677172021667587387e+00 -2.541682135955006805e-01 9.671600277087925024e-01 -0.000000000000000000e+00 7.714731474222804586e-01 -0.000000000000000000e+00 0.000000000000000000e+00 1.000000000000000222e+00 0.000000000000000000e+00
9.671600277087925024e-01 2.541682135955006805e-01 0.000000000000000000e+00 -3.677172021667587387e+00 -2.541682135955006805e-01 9.671600277087925024e-01 -0.000000000000000000e+00 7.714731474222804586e-01 -0.000000000000000000e+00 0.000000000000000000e+00 1.000000000000000222e+00 0.000000000000000000e+00
9.671600277087925024e-01 2.541682135955006805e-01 0.000000000000000000e+00 -3.677172021667587387e+00 -2.541682135955006805e-01 9.671600277087925024e-01 -0.000000000000000000e+00 7.714731474222804586e-01 -0.000000000000000000e+00 0.000000000000000000e+00 1.000000000000000222e+00 0.000000000000000000e+00
9.768067654664621680e-01 2.141227286836876742e-01 0.000000000000000000e+00 -3.657723083819377052e+00 -2.141227286836876742e-01 9.768067654664621680e-01 -0.000000000000000000e+00 7.667880048791135827e-01 -0.000000000000000000e+00 0.000000000000000000e+00 1.000000000000000000e+00 0.000000000000000000e+00
9.768067654664621680e-01 2.141227286836876742e-01 0.000000000000000000e+00 -3.657723083819377052e+00 -2.141227286836876742e-01 9.768067654664621680e-01 -0.000000000000000000e+00 7.667880048791135827e-01 -0.000000000000000000e+00 0.000000000000000000e+00 1.000000000000000000e+00 0.000000000000000000e+00
9.768067654664621680e-01 2.141227286836876742e-01 0.000000000000000000e+00 -3.657723083819377052e+00 -2.141227286836876742e-01 9.768067654664621680e-01 -0.000000000000000000e+00 7.667880048791135827e-01 -0.000000000000000000e+00 0.000000000000000000e+00 1.000000000000000000e+00 0.000000000000000000e+00
9.768067654664621680e-01 2.141227286836876742e-01 0.000000000000000000e+00 -3.657723083819377052e+00 -2.141227286836876742e-01 9.768067654664621680e-01 -0.000000000000000000e+00 7.667880048791135827e-01 -0.000000000000000000e+00 0.000000000000000000e+00 1.000000000000000000e+00 0.000000000000000000e+00
9.850315249714070021e-01 1.723742869818589707e-01 0.000000000000000000e+00 -3.638258076931464302e+00 -1.723742869818589707e-01 9.850315249714070021e-01 -0.000000000000000000e+00 7.629532508833523075e-01 -0.000000000000000000e+00 0.000000000000000000e+00 1.000000000000000000e+00 0.000000000000000000e+00
9.850315249714070021e-01 1.723742869818589707e-01 0.000000000000000000e+00 -3.638258076931464302e+00 -1.723742869818589707e-01 9.850315249714070021e-01 -0.000000000000000000e+00 7.629532508833523075e-01 -0.000000000000000000e+00 0.000000000000000000e+00 1.000000000000000000e+00 0.000000000000000000e+00
9.850315249714070021e-01 1.723742869818589707e-01 0.000000000000000000e+00 -3.638258076931464302e+00 -1.723742869818589707e-01 9.850315249714070021e-01 -0.000000000000000000e+00 7.629532508833523075e-01 -0.000000000000000000e+00 0.000000000000000000e+00 1.000000000000000000e+00 0.000000000000000000e+00
9.850315249714070021e-01 1.723742869818589707e-01 0.000000000000000000e+00 -3.638258076931464302e+00 -1.723742869818589707e-01 9.850315249714070021e-01 -0.000000000000000000e+00 7.629532508833523075e-01 -0.000000000000000000e+00 0.000000000000000000e+00 1.000000000000000000e+00 0.000000000000000000e+00
9.850315249714070021e-01 1.723742869818589707e-01 0.000000000000000000e+00 -3.638258076931464302e+00 -1.723742869818589707e-01 9.850315249714070021e-01 -0.000000000000000000e+00 7.629532508833523075e-01 -0.000000000000000000e+00 0.000000000000000000e+00 1.000000000000000000e+00 0.000000000000000000e+00
9.923681028204762722e-01 1.233107801633283457e-01 0.000000000000000000e+00 -3.618097170914637672e+00 -1.233107801633283457e-01 9.923681028204762722e-01 -0.000000000000000000e+00 7.599385448081608097e-01 -0.000000000000000000e+00 0.000000000000000000e+00 1.000000000000000000e+00 0.000000000000000000e+00
9.923681028204762722e-01 1.233107801633283457e-01 0.000000000000000000e+00 -3.618097170914637672e+00 -1.233107801633283457e-01 9.923681028204762722e-01 -0.000000000000000000e+00 7.599385448081608097e-01 -0.000000000000000000e+00 0.000000000000000000e+00 1.000000000000000000e+00 0.000000000000000000e+00
9.923681028204762722e-01 1.233107801633283457e-01 0.000000000000000000e+00 -3.618097170914637672e+00 -1.233107801633283457e-01 9.923681028204762722e-01 -0.000000000000000000e+00 7.599385448081608097e-01 -0.000000000000000000e+00 0.000000000000000000e+00 1.000000000000000000e+00 0.000000000000000000e+00
9.957872110174901259e-01 9.169422214081181244e-02 0.000000000000000000e+00 -3.597874104703890907e+00 -9.169422214081181244e-02 9.957872110174901259e-01 -0.000000000000000000e+00 7.577515626141990701e-01 -0.000000000000000000e+00 0.000000000000000000e+00 1.000000000000000000e+00 0.000000000000000000e+00
9.957872110174901259e-01 9.169422214081181244e-02 0.000000000000000000e+00 -3.597874104703890907e+00 -9.169422214081181244e-02 9.957872110174901259e-01 -0.000000000000000000e+00 7.577515626141990701e-01 -0.000000000000000000e+00 0.000000000000000000e+00 1.000000000000000000e+00 0.000000000000000000e+00
