9.992522128100299605e-01 -3.866542634264828054e-02 0.000000000000000000e+00 -1.792046839376442602e+00 3.866542634264828054e-02 9.992522128100299605e-01 0.000000000000000000e+00 -1.121645246670910367e+00 0.000000000000000000e+00 0.000000000000000000e+00 1.000000000000000000e+00 0.000000000000000000e+00
9.992522128100299605e-01 -3.866542634264828054e-02 0.000000000000000000e+00 -1.792046839376442602e+00 3.866542634264828054e-02 9.992522128100299605e-01 0.000000000000000000e+00 -1.121645246670910367e+00 0.000000000000000000e+00 0.000000000000000000e+00 1.000000000000000000e+00 0.000000000000000000e+00
9.967914609918414603e-01 -8.004238435822834397e-02 0.000000000000000000e+00 -1.772218989682369017e+00 8.004238435822834397e-02 9.967914609918414603e-01 0.000000000000000000e+00 -1.120466054051766136e+00 0.000000000000000000e+00 0.000000000000000000e+00 1.000000000000000000e+00 0.000000000000000000e+00
9.967914609918414603e-01 -8.004238435822834397e-02 0.000000000000000000e+00 -1.772218989682369017e+00 8.004238435822834397e-02 9.967914609918414603e-01 0.000000000000000000e+00 -1.120466054051766136e+00 0.000000000000000000e+00 0.000000000000000000e+00 1.000000000000000000e+00 0.000000000000000000e+00
9.967914609918414603e-01 -8.004238435822834397e-02 0.000000000000000000e+00 -1.772218989682369017e+00 8.004238435822834397e-02 9.967914609918414603e-01 0.000000000000000000e+00 -1.120466054051766136e+00 0.000000000000000000e+00 0.000000000000000000e+00 1.000000000000000000e+00 0.000000000000000000e+00
9.967914609918414603e-01 -8.004238435822834397e-02 0.000000000000000000e+00 -1.772218989682369017e+00 8.004238435822834397e-02 9.967914609918414603e-01 0.000000000000000000e+00 -1.120466054051766136e+00 0.000000000000000000e+00 0.000000000000000000e+00 1.000000000000000000e+00 0.000000000000000000e+00
9.928286939924444443e-01 -1.195457418114811987e-01 0.000000000000000000e+00 -1.752526149296580904e+00 1.195457418114811987e-01 9.928286939924444443e-01 0.000000000000000000e+00 -1.118490573354478990e+00 0.000000000000000000e+00 0.000000000000000000e+00 1.000000000000000000e+00 0.000000000000000000e+00
9.928286939924444443e-01 -1.195457418114811987e-01 0.000000000000000000e+00 -1.752526149296580904e+00 1.195457418114811987e-01 9.928286939924444443e-01 0.000000000000000000e+00 -1.118490573354478990e+00 0.000000000000000000e+00 0.000000000000000000e+00 1.000000000000000000e+00 0.000000000000000000e+00
9.928286939924444443e-01 -1.195457418114811987e-01 0.000000000000000000e+00 -1.752526149296580904e+00 1.195457418114811987e-01 9.928286939924444443e-01 0.000000000000000000e+00 -1.118490573354478546e+00 0.000000000000000000e+00 0.000000000000000000e+00 1.000000000000000000e+00 0.000000000000000000e+00
9.928286939924444443e-01 -1.195457418114811987e-01 0.000000000000000000e+00 -1.752526149296580904e+00 1.195457418114811987e-01 9.928286939924444443e-01 0.000000000000000000e+00 -1.118490573354478990e+00 0.000000000000000000e+00 0.000000000000000000e+00 1.000000000000000000e+00 0.000000000000000000e+00
9.868861222529333732e-01 -1.614180340128345548e-01 0.000000000000000000e+00 -1.731836417969432773e+00 1.614180340128345548e-01 9.868861222529333732e-01 0.000000000000000000e+00 -1.115554259396543735e+00 0.000000000000000000e+00 0.000000000000000000e+00 1.000000000000000222e+00 0.000000000000000000e+00
9.868861222529333732e-01 -1.614180340128345548e-01 0.000000000000000000e+00 -1.731836417969432773e+00 1.614180340128345548e-01 9.868861222529333732e-01 0.000000000000000000e+00 -1.115554259396543735e+00 0.000000000000000000e+00 0.000000000000000000e+00 1.000000000000000222e+00 0.000000000000000000e+00
9.868861222529333732e-01 -1.614180340128345548e-01 0.000000000000000000e+00 -1.731836417969432773e+00 1.614180340128345548e-01 9.868861222529333732e-01 0.000000000000000000e+00 -1.115554259396544179e+00 0.000000000000000000e+00 0.000000000000000000e+00 1.000000000000000222e+00 0.000000000000000000e+00
9.868861222529333732e-01 -1.614180340128345548e-01 0.000000000000000000e+00 -1.731836417969432773e+00 1.614180340128345548e-01 9.868861222529333732e-01 0.000000000000000000e+00 -1.115554259396543735e+00 0.000000000000000000e+00 0.000000000000000000e+00 1.000000000000000222e+00 0.000000000000000000e+00
9.799470077403703572e-01 -1.992582796791516342e-01 0.000000000000000000e+00 -1.713286509179145156e+00 1.992582796791516342e-01 9.799470077403703572e-01 0.000000000000000000e+00 -1.112152592479265678e+00 0.000000000000000000e+00 0.000000000000000000e+00 1.000000000000000222e+00 0.000000000000000000e+00
9.799470077403703572e-01 -1.992582796791516342e-01 0.000000000000000000e+00 -1.713286509179145156e+00 1.992582796791516342e-01 9.799470077403703572e-01 0.000000000000000000e+00 -1.112152592479265678e+00 0.000000000000000000e+00 0.000000000000000000e+00 1.000000000000000222e+00 0.000000000000000000e+00
9.799470077403703572e-01 -1.992582796791516342e-01 0.000000000000000000e+00 -1.713286509179145156e+00 1.992582796791516342e-01 9.799470077403703572e-01 0.000000000000000000e+00 -1.112152592479265678e+00 0.000000000000000000e+00 0.000000000000000000e+00 1.000000000000000222e+00 0.000000000000000000e+00
9.799470077403703572e-01 -1.992582796791516342e-01 0.000000000000000000e+00 -1.713286509179145156e+00 1.992582796791516342e-01 9.799470077403703572e-01 0.000000000000000000e+00 -1.112152592479265678e+00 0.000000000000000000e+00 0.000000000000000000e+00 1.000000000000000222e+00 0.000000000000000000e+00
9.713116109081829652e-01 -2.378103330701810403e-01 0.000000000000000000e+00 -1.693070113455086290e+00 2.378103330701810403e-01 9.713116109081829652e-01 0.000000000000000000e+00 -1.107624257750479124e+00 0.000000000000000000e+00 0.000000000000000000e+00 1.000000000000000000e+00 0.000000000000000000e+00
9.713116109081829652e-01 -2.378103330701810403e-01 0.000000000000000000e+00 -1.693070113455086290e+00 2.378103330701810403e-01 9.713116109081829652e-01 0.000000000000000000e+00 -1.107624257750479124e+00 0.000000000000000000e+00 0.000000000000000000e+00 1.000000000000000000e+00 0.000000000000000000e+00
9.713116109081829652e-01 -2.378103330701810403e-01 0.000000000000000000e+00 -1.693070113455086290e+00 2.378103330701810403e-01 9.713116109081829652e-01 0.000000000000000000e+00 -1.107624257750479124e+00 0.000000000000000000e+00 0.000000000000000000e+00 1.000000000000000000e+00 0.000000000000000000e+00
9.713116109081829652e-01 -2.378103330701810403e-01 0.000000000000000000e+00 -1.693070113455086290e+00 2.378103330701810403e-01 9.713116109081829652e-01 0.000000000000000000e+00 -1.107624257750479124e+00 0.000000000000000000e+00 0.000000000000000000e+00 1.000000000000000000e+00 0.000000000000000000e+00
9.601889789285938948e-01 -2.793512569222925124e-01 0.000000000000000000e+00 -1.673712773947306776e+00 2.793512569222925124e-01 9.601889789285938948e-01 0.000000000000000000e+00 -1.102441307741815368e+00 0.000000000000000000e+00 0.000000000000000000e+00 1.000000000000000222e+00 0.000000000000000000e+00
9.601889789285938948e-01 -2.793512569222925124e-01 0.000000000000000000e+00 -1.673712773947306776e+00 2.793512569222925124e-01 9.601889789285938948e-01 0.000000000000000000e+00 -1.102441307741815368e+00 0.000000000000000000e+00 0.000000000000000000e+00 1.000000000000000222e+00 0.000000000000000000e+00
9.601889789285938948e-01 -2.793512569222925124e-01 0.000000000000000000e+00 -1.673712773947306776e+00 2.793512569222925124e-01 9.601889789285938948e-01 0.000000000000000000e+00 -1.102441307741815368e+00 0.000000000000000000e+00 0.000000000000000000e+00 1.000000000000000222e+00 0.000000000000000000e+00
9.601889789285938948e-01 -2.793512569222925124e-01 0.000000000000000000e+00 -1.673712773947306776e+00 2.793512569222925124e-01 9.601889789285938948e-01 0.000000000000000000e+00 -1.102441307741815368e+00 0.000000000000000000e+00 0.000000000000000000e+00 1.000000000000000222e+00 0.000000000000000000e+00
9.482820727131742178e-01 -3.174289063251903298e-01 0.000000000000000000e+00 -1.654670991488272236e+00 3.174289063251903298e-01 9.482820727131742178e-01 0.000000000000000000e+00 -1.096486930808379334e+00 0.000000000000000000e+00 0.000000000000000000e+00 1.000000000000000222e+00 0.000000000000000000e+00
9.482820727131742178e-01 -3.174289063251903298e-01 0.000000000000000000e+00 -1.654670991488272236e+00 3.174289063251903298e-01 9.482820727131742178e-01 0.000000000000000000e+00 -1.096486930808379334e+00 0.000000000000000000e+00 0.000000000000000000e+00 1.000000000000000222e+00 0.000000000000000000e+00
9.482820727131742178e-01 -3.174289063251903298e-01 0.000000000000000000e+00 -1.654670991488272236e+00 3.174289063251903298e-01 9.482820727131742178e-01 0.000000000000000000e+00 -1.096486930808379334e+00 0.000000000000000000e+00 0.000000000000000000e+00 1.000000000000000222e+00 0.000000000000000000e+00
9.482820727131742178e-01 -3.174289063251903298e-01 0.000000000000000000e+00 -1.654670991488272236e+00 3.174289063251903298e-01 9.482820727131742178e-01 0.000000000000000000e+00 -1.096486930808379334e+00 0.000000000000000000e+00 0.000000000000000000e+00 1.000000000000000222e+00 0.000000000000000000e+00
9.354851944382147622e-01 -3.533658882615809960e-01 0.000000000000000000e+00 -1.636070860806733140e+00 3.533658882615809960e-01 9.354851944382147622e-01 0.000000000000000000e+00 -1.089863569378488606e+00 0.000000000000000000e+00 0.000000000000000000e+00 1.000000000000000222e+00 0.000000000000000000e+00
9.354851944382147622e-01 -3.533658882615809960e-01 0.000000000000000000e+00 -1.636070860806733140e+00 3.533658882615809960e-01 9.354851944382147622e-01 0.000000000000000000e+00 -1.089863569378488606e+00 0.000000000000000000e+00 0.000000000000000000e+00 1.000000000000000222e+00 0.000000000000000000e+00
9.354851944382147622e-01 -3.533658882615809960e-01 0.000000000000000000e+00 -1.636070860806733140e+00 3.533658882615809960e-01 9.354851944382147622e-01 0.000000000000000000e+00 -1.089863569378488606e+00 0.000000000000000000e+00 0.000000000000000000e+00 1.000000000000000222e+00 0.000000000000000000e+00
9.194529366441710483e-01 -3.932000728591110161e-01 0.000000000000000000e+00 -1.617641257444058844e+00 3.932000728591110161e-01 9.194529366441710483e-01 0.000000000000000000e+00 -1.082446117642789751e+00 0.000000000000000000e+00 0.000000000000000000e+00 1.000000000000000222e+00 0.000000000000000000e+00
9.194529366441710483e-01 -3.932000728591110161e-01 0.000000000000000000e+00 -1.617641257444058844e+00 3.932000728591110161e-01 9.194529366441710483e-01 0.000000000000000000e+00 -1.082446117642789751e+00 0.000000000000000000e+00 0.000000000000000000e+00 1.000000000000000222e+00 0.000000000000000000e+00
9.194529366441710483e-01 -3.932000728591110161e-01 0.000000000000000000e+00 -1.617641257444058844e+00 3.932000728591110161e-01 9.194529366441710483e-01 0.000000000000000000e+00 -1.082446117642789751e+00 0.000000000000000000e+00 0.000000000000000000e+00 1.000000000000000222e+00 0.000000000000000000e+00
9.194529366441710483e-01 -3.932000728591110161e-01 0.000000000000000000e+00 -1.617641257444058844e+00 3.932000728591110161e-01 9.194529366441710483e-01 0.000000000000000000e+00 -1.082446117642789751e+00 0.000000000000000000e+00 0.000000000000000000e+00 1.000000000000000222e+00 0.000000000000000000e+00
9.194529366441710483e-01 -3.932000728591110161e-01 0.000000000000000000e+00 -1.617641257444058844e+00 3.932000728591110161e-01 9.194529366441710483e-01 0.000000000000000000e+00 -1.082446117642789751e+00 0.000000000000000000e+00 0.000000000000000000e+00 1.000000000000000222e+00 0.000000000000000000e+00
9.031485143926351045e-01 -4.293282671224624147e-01 0.000000000000000000e+00 -1.599561364249682871e+00 4.293282671224624147e-01 9.031485143926351045e-01 0.000000000000000000e+00 -1.074286778860951141e+00 0.000000000000000000e+00 0.000000000000000000e+00 1.000000000000000222e+00 0.000000000000000000e+00
9.031485143926351045e-01 -4.293282671224624147e-01 0.000000000000000000e+00 -1.599561364249682871e+00 4.293282671224624147e-01 9.031485143926351045e-01 0.000000000000000000e+00 -1.074286778860951141e+00 0.000000000000000000e+00 0.000000000000000000e+00 1.000000000000000222e+00 0.000000000000000000e+00
9.031485143926351045e-01 -4.293282671224624147e-01 0.000000000000000000e+00 -1.599561364249682871e+00 4.293282671224624147e-01 9.031485143926351045e-01 0.000000000000000000e+00 -1.074286778860951141e+00 0.000000000000000000e+00 0.000000000000000000e+00 1.000000000000000222e+00 0.000000000000000000e+00
9.031485143926351045e-01 -4.293282671224624147e-01 0.000000000000000000e+00 -1.599561364249682871e+00 4.293282671224624147e-01 9.031485143926351045e-01 0.000000000000000000e+00 -1.074286778860951141e+00 0.000000000000000000e+00 0.000000000000000000e+00 1.000000000000000222e+00 0.000000000000000000e+00
8.861766133526409739e-01 -4.633476124324418244e-01 0.000000000000000000e+00 -1.581790608404768150e+00 4.633476124324418244e-01 8.861766133526409739e-01 0.000000000000000000e+00 -1.065421132327567300e+00 0.000000000000000000e+00 0.000000000000000000e+00 1.000000000000000222e+00 0.000000000000000000e+00
8.877882963829197838e-01 -4.602520405229214573e-01 0.000000000000000000e+00 -1.581749865028870161e+00 4.602520405229214573e-01 8.877882963829197838e-01 0.000000000000000000e+00 -1.045505269070569287e+00 0.000000000000000000e+00 0.000000000000000000e+00 1.000000000000000000e+00 0.000000000000000000e+00
8.877882963829197838e-01 -4.602520405229214573e-01 0.000000000000000000e+00 -1.581749865028870161e+00 4.602520405229214573e-01 8.877882963829197838e-01 0.000000000000000000e+00 -1.045505269070569287e+00 0.000000000000000000e+00 0.000000000000000000e+00 1.000000000000000000e+00 0.000000000000000000e+00
8.877882963829197838e-01 -4.602520405229214573e-01 0.000000000000000000e+00 -1.581749865028870161e+00 4.602520405229214573e-01 8.877882963829197838e-01 0.000000000000000000e+00 -1.045505269070569287e+00 0.000000000000000000e+00 0.000000000000000000e+00 1.000000000000000000e+00 0.000000000000000000e+00
8.666626315449010853e-01 -4.988946613100477823e-01 0.000000000000000000e+00 -1.563393162935500902e+00 4.988946613100477823e-01 8.666626315449010853e-01 0.000000000000000000e+00 -1.035469783000591448e+00 0.000000000000000000e+00 0.000000000000000000e+00 1.000000000000000222e+00 0.000000000000000000e+00
8.666626315449010853e-01 -4.988946613100477823e-01 0.000000000000000000e+00 -1.563393162935500902e+00 4.988946613100477823e-01 8.666626315449010853e-01 0.000000000000000000e+00 -1.035469783000591448e+00 0.000000000000000000e+00 0.000000000000000000e+00 1.000000000000000222e+00 0.000000000000000000e+00
8.666626315449010853e-01 -4.988946613100477823e-01 0.000000000000000000e+00 -1.563393162935500902e+00 4.988946613100477823e-01 8.666626315449010853e-01 0.000000000000000000e+00 -1.035469783000591448e+00 0.000000000000000000e+00 0.000000000000000000e+00 1.000000000000000222e+00 0.000000000000000000e+00
8.666626315449010853e-01 -4.988946613100477823e-01 0.000000000000000000e+00 -1.563393162935500902e+00 4.988946613100477823e-01 8.666626315449010853e-01 0.000000000000000000e+00 -1.035469783000591448e+00 0.000000000000000000e+00 0.000000000000000000e+00 1.000000000000000222e+00 0.000000000000000000e+00
8.456584444384682708e-01 -5.337244563910389372e-01 0.000000000000000000e+00 -1.546412865058966135e+00 5.337244563910389372e-01 8.456584444384682708e-01 0.000000000000000000e+00 -1.025229775905308394e+00 0.000000000000000000e+00 0.000000000000000000e+00 1.000000000000000000e+00 0.000000000000000000e+00
8.456584444384682708e-01 -5.337244563910389372e-01 0.000000000000000000e+00 -1.546412865058966135e+00 5.337244563910389372e-01 8.456584444384682708e-01 0.000000000000000000e+00 -1.025229775905308394e+00 0.000000000000000000e+00 0.000000000000000000e+00 1.000000000000000000e+00 0.000000000000000000e+00
8.456584444384682708e-01 -5.337244563910389372e-01 0.000000000000000000e+00 -1.546412865058966135e+00 5.337244563910389372e-01 8.456584444384682708e-01 0.000000000000000000e+00 -1.025229775905308394e+00 0.000000000000000000e+00 0.000000000000000000e+00 1.000000000000000000e+00 0.000000000000000000e+00
8.253820418936472780e-01 -5.645746052732741882e-01 0.000000000000000000e+00 -1.529780194047017927e+00 5.645746052732741882e-01 8.253820418936472780e-01 0.000000000000000000e+00 -1.014297876383357000e+00 0.000000000000000000e+00 0.000000000000000000e+00 1.000000000000000000e+00 0.000000000000000000e+00
8.253820418936472780e-01 -5.645746052732741882e-01 0.000000000000000000e+00 -1.529780194047017927e+00 5.645746052732741882e-01 8.253820418936472780e-01 0.000000000000000000e+00 -1.014297876383357000e+00 0.000000000000000000e+00 0.000000000000000000e+00 1.000000000000000000e+00 0.000000000000000000e+00
8.253820418936472780e-01 -5.645746052732741882e-01 0.000000000000000000e+00 -1.529780194047017927e+00 5.645746052732741882e-01 8.253820418936472780e-01 0.000000000000000000e+00 -1.014297876383357444e+00 0.000000000000000000e+00 0.000000000000000000e+00 1.000000000000000000e+00 0.000000000000000000e+00
8.253820418936472780e-01 -5.645746052732741882e-01 0.000000000000000000e+00 -1.529780194047017927e+00 5.645746052732741882e-01 8.253820418936472780e-01 0.000000000000000000e+00 -1.014297876383357444e+00 0.000000000000000000e+00 0.000000000000000000e+00 1.000000000000000000e+00 0.000000000000000000e+00
8.253820418936472780e-01 -5.645746052732741882e-01 0.000000000000000000e+00 -1.529780194047017927e+00 5.645746052732741882e-01 8.253820418936472780e-01 0.000000000000000000e+00 -1.014297876383357888e+00 0.000000000000000000e+00 0.000000000000000000e+00 1.000000000000000000e+00 0.000000000000000000e+00
8.006947272014708350e-01 -5.990725781003187755e-01 0.000000000000000000e+00 -1.513525250021755308e+00 5.990725781003187755e-01 8.006947272014708350e-01 0.000000000000000000e+00 -1.002665571386850196e+00 0.000000000000000000e+00 0.000000000000000000e+00 1.000000000000000222e+00 0.000000000000000000e+00
8.006947272014708350e-01 -5.990725781003187755e-01 0.000000000000000000e+00 -1.513525250021755308e+00 5.990725781003187755e-01 8.006947272014708350e-01 0.000000000000000000e+00 -1.002665571386850640e+00 0.000000000000000000e+00 0.000000000000000000e+00 1.000000000000000222e+00 0.000000000000000000e+00
8.006947272014708350e-01 -5.990725781003187755e-01 0.000000000000000000e+00 -1.513525250021755308e+00 5.990725781003187755e-01 8.006947272014708350e-01 0.000000000000000000e+00 -1.002665571386850196e+00 0.000000000000000000e+00 0.000000000000000000e+00 1.000000000000000222e+00 0.000000000000000000e+00
8.006947272014708350e-01 -5.990725781003187755e-01 0.000000000000000000e+00 -1.513525250021755308e+00 5.990725781003187755e-01 8.006947272014708350e-01 0.000000000000000000e+00 -1.002665571386850196e+00 0.000000000000000000e+00 0.000000000000000000e+00 1.000000000000000222e+00 0.000000000000000000e+00
7.759983389269923260e-01 -6.307349506587920374e-01 0.000000000000000000e+00 -1.497959508295856779e+00 6.307349506587920374e-01 7.759983389269923260e-01 0.000000000000000000e+00 -9.905244222401767829e-01 0.000000000000000000e+00 0.000000000000000000e+00 1.000000000000000000e+00 0.000000000000000000e+00
7.759983389269923260e-01 -6.307349506587920374e-01 0.000000000000000000e+00 -1.497959508295856779e+00 6.307349506587920374e-01 7.759983389269923260e-01 0.000000000000000000e+00 -9.905244222401767829e-01 0.000000000000000000e+00 0.000000000000000000e+00 1.000000000000000000e+00 0.000000000000000000e+00
7.759983389269923260e-01 -6.307349506587920374e-01 0.000000000000000000e+00 -1.497959508295856779e+00 6.307349506587920374e-01 7.759983389269923260e-01 0.000000000000000000e+00 -9.905244222401767829e-01 0.000000000000000000e+00 0.000000000000000000e+00 1.000000000000000000e+00 0.000000000000000000e+00
7.759983389269923260e-01 -6.307349506587920374e-01 0.000000000000000000e+00 -1.497959508295856779e+00 6.307349506587920374e-01 7.759983389269923260e-01 0.000000000000000000e+00 -9.905244222401763388e-01 0.000000000000000000e+00 0.000000000000000000e+00 1.000000000000000000e+00 0.000000000000000000e+00
7.438062453848706124e-01 -6.683952942132833641e-01 0.000000000000000000e+00 -1.482461524976563583e+00 6.683952942132833641e-01 7.438062453848706124e-01 0.000000000000000000e+00 -9.772767325047930775e-01 0.000000000000000000e+00 0.000000000000000000e+00 1.000000000000000000e+00 0.000000000000000000e+00
7.438062453848706124e-01 -6.683952942132833641e-01 0.000000000000000000e+00 -1.482461524976563583e+00 6.683952942132833641e-01 7.438062453848706124e-01 0.000000000000000000e+00 -9.772767325047930775e-01 0.000000000000000000e+00 0.000000000000000000e+00 1.000000000000000000e+00 0.000000000000000000e+00
7.438062453848706124e-01 -6.683952942132833641e-01 0.000000000000000000e+00 -1.482461524976563583e+00 6.683952942132833641e-01 7.438062453848706124e-01 0.000000000000000000e+00 -9.772767325047930775e-01 0.000000000000000000e+00 0.000000000000000000e+00 1.000000000000000000e+00 0.000000000000000000e+00
7.438062453848706124e-01 -6.683952942132833641e-01 0.000000000000000000e+00 -1.482461524976563583e+00 6.683952942132833641e-01 7.438062453848706124e-01 0.000000000000000000e+00 -9.772767325047930775e-01 0.000000000000000000e+00 0.000000000000000000e+00 1.000000000000000000e+00 0.000000000000000000e+00
7.228041820022936825e-01 -6.910529028084573255e-01 0.000000000000000000e+00 -1.468279674206135921e+00 6.910529028084573255e-01 7.228041820022936825e-01 0.000000000000000000e+00 -9.641311215870387308e-01 0.000000000000000000e+00 0.000000000000000000e+00 1.000000000000000000e+00 0.000000000000000000e+00
7.228041820022936825e-01 -6.910529028084573255e-01 0.000000000000000000e+00 -1.468279674206135921e+00 6.910529028084573255e-01 7.228041820022936825e-01 0.000000000000000000e+00 -9.641311215870391749e-01 0.000000000000000000e+00 0.000000000000000000e+00 1.000000000000000000e+00 0.000000000000000000e+00
7.228041820022936825e-01 -6.910529028084573255e-01 0.000000000000000000e+00 -1.468279674206135921e+00 6.910529028084573255e-01 7.228041820022936825e-01 0.000000000000000000e+00 -9.641311215870387308e-01 0.000000000000000000e+00 0.000000000000000000e+00 1.000000000000000000e+00 0.000000000000000000e+00
7.228041820022936825e-01 -6.910529028084573255e-01 0.000000000000000000e+00 -1.468279674206135921e+00 6.910529028084573255e-01 7.228041820022936825e-01 0.000000000000000000e+00 -9.641311215870391749e-01 0.000000000000000000e+00 0.000000000000000000e+00 1.000000000000000000e+00 0.000000000000000000e+00
6.868429895517904615e-01 -7.268058253093181431e-01 0.000000000000000000e+00 -1.453813950825224799e+00 7.268058253093181431e-01 6.868429895517904615e-01 0.000000000000000000e+00 -9.495811315739941527e-01 0.000000000000000000e+00 0.000000000000000000e+00 1.000000000000000000e+00 0.000000000000000000e+00
6.868429895517904615e-01 -7.268058253093181431e-01 0.000000000000000000e+00 -1.453813950825224799e+00 7.268058253093181431e-01 6.868429895517904615e-01 0.000000000000000000e+00 -9.495811315739941527e-01 0.000000000000000000e+00 0.000000000000000000e+00 1.000000000000000000e+00 0.000000000000000000e+00
6.868429895517904615e-01 -7.268058253093181431e-01 0.000000000000000000e+00 -1.453813950825224799e+00 7.268058253093181431e-01 6.868429895517904615e-01 0.000000000000000000e+00 -9.495811315739941527e-01 0.000000000000000000e+00 0.000000000000000000e+00 1.000000000000000000e+00 0.000000000000000000e+00
6.868429895517904615e-01 -7.268058253093181431e-01 0.000000000000000000e+00 -1.453813950825224799e+00 7.268058253093181431e-01 6.868429895517904615e-01 0.000000000000000000e+00 -9.495811315739941527e-01 0.000000000000000000e+00 0.000000000000000000e+00 1.000000000000000000e+00 0.000000000000000000e+00
6.636278315176389331e-01 -7.480628992505886643e-01 0.000000000000000000e+00 -1.440162026930098760e+00 7.480628992505886643e-01 6.636278315176389331e-01 0.000000000000000000e+00 -9.346716660230178775e-01 0.000000000000000000e+00 0.000000000000000000e+00 1.000000000000000000e+00 0.000000000000000000e+00
6.636278315176389331e-01 -7.480628992505886643e-01 0.000000000000000000e+00 -1.440162026930098760e+00 7.480628992505886643e-01 6.636278315176389331e-01 0.000000000000000000e+00 -9.346716660230183216e-01 0.000000000000000000e+00 0.000000000000000000e+00 1.000000000000000000e+00 0.000000000000000000e+00
6.636278315176389331e-01 -7.480628992505886643e-01 0.000000000000000000e+00 -1.440162026930098760e+00 7.480628992505886643e-01 6.636278315176389331e-01 0.000000000000000000e+00 -9.346716660230178775e-01 0.000000000000000000e+00 0.000000000000000000e+00 1.000000000000000000e+00 0.000000000000000000e+00
6.636278315176389331e-01 -7.480628992505886643e-01 0.000000000000000000e+00 -1.440162026930098760e+00 7.480628992505886643e-01 6.636278315176389331e-01 0.000000000000000000e+00 -9.346716660230178775e-01 0.000000000000000000e+00 0.000000000000000000e+00 1.000000000000000000e+00 0.000000000000000000e+00
6.327595726137840160e-01 -7.743483216651413370e-01 0.000000000000000000e+00 -1.427222832364408722e+00 7.743483216651413370e-01 6.327595726137840160e-01 0.000000000000000000e+00 -9.194765365064845319e-01 0.000000000000000000e+00 0.000000000000000000e+00 1.000000000000000000e+00 0.000000000000000000e+00
6.327595726137840160e-01 -7.743483216651413370e-01 0.000000000000000000e+00 -1.427222832364408722e+00 7.743483216651413370e-01 6.327595726137840160e-01 0.000000000000000000e+00 -9.194765365064840879e-01 0.000000000000000000e+00 0.000000000000000000e+00 1.000000000000000000e+00 0.000000000000000000e+00
6.327595726137840160e-01 -7.743483216651413370e-01 0.000000000000000000e+00 -1.427222832364408722e+00 7.743483216651413370e-01 6.327595726137840160e-01 0.000000000000000000e+00 -9.194765365064845319e-01 0.000000000000000000e+00 0.000000000000000000e+00 1.000000000000000000e+00 0.000000000000000000e+00
6.327595726137840160e-01 -7.743483216651413370e-01 0.000000000000000000e+00 -1.427222832364408722e+00 7.743483216651413370e-01 6.327595726137840160e-01 0.000000000000000000e+00 -9.194765365064845319e-01 0.000000000000000000e+00 0.000000000000000000e+00 1.000000000000000000e+00 0.000000000000000000e+00
6.018861905003584090e-01 -7.985818766319247031e-01 0.000000000000000000e+00 -1.414958657883688131e+00 7.985818766319247031e-01 6.018861905003584090e-01 0.000000000000000000e+00 -9.038520641649623322e-01 0.000000000000000000e+00 0.000000000000000000e+00 1.000000000000000222e+00 0.000000000000000000e+00
6.018861905003584090e-01 -7.985818766319247031e-01 0.000000000000000000e+00 -1.414958657883688131e+00 7.985818766319247031e-01 6.018861905003584090e-01 0.000000000000000000e+00 -9.038520641649623322e-01 0.000000000000000000e+00 0.000000000000000000e+00 1.000000000000000222e+00 0.000000000000000000e+00
6.018861905003584090e-01 -7.985818766319247031e-01 0.000000000000000000e+00 -1.414958657883688131e+00 7.985818766319247031e-01 6.018861905003584090e-01 0.000000000000000000e+00 -9.038520641649623322e-01 0.000000000000000000e+00 0.000000000000000000e+00 1.000000000000000222e+00 0.000000000000000000e+00
6.018861905003584090e-01 -7.985818766319247031e-01 0.000000000000000000e+00 -1.414958657883688131e+00 7.985818766319247031e-01 6.018861905003584090e-01 0.000000000000000000e+00 -9.038520641649627763e-01 0.000000000000000000e+00 0.000000000000000000e+00 1.000000000000000222e+00 0.000000000000000000e+00
5.710962929117469056e-01 -8.208830758533520733e-01 0.000000000000000000e+00 -1.403376760075991436e+00 8.208830758533520733e-01 5.710962929117469056e-01 0.000000000000000000e+00 -8.878616487515356148e-01 0.000000000000000000e+00 0.000000000000000000e+00 1.000000000000000000e+00 0.000000000000000000e+00
5.710962929117469056e-01 -8.208830758533520733e-01 0.000000000000000000e+00 -1.403376760075991436e+00 8.208830758533520733e-01 5.710962929117469056e-01 0.000000000000000000e+00 -8.878616487515356148e-01 0.000000000000000000e+00 0.000000000000000000e+00 1.000000000000000000e+00 0.000000000000000000e+00
5.710962929117469056e-01 -8.208830758533520733e-01 0.000000000000000000e+00 -1.403376760075991436e+00 8.208830758533520733e-01 5.710962929117469056e-01 0.000000000000000000e+00 -8.878616487515360589e-01 0.000000000000000000e+00 0.000000000000000000e+00 1.000000000000000000e+00 0.000000000000000000e+00
5.710962929117469056e-01 -8.208830758533520733e-01 0.000000000000000000e+00 -1.403376760075991436e+00 8.208830758533520733e-01 5.710962929117469056e-01 0.000000000000000000e+00 -8.878616487515356148e-01 0.000000000000000000e+00 0.000000000000000000e+00 1.000000000000000000e+00 0.000000000000000000e+00
5.348372004214188014e-01 -8.449551284212550861e-01 0.000000000000000000e+00 -1.392360639040041370e+00 8.449551284212550861e-01 5.348372004214188014e-01 0.000000000000000000e+00 -8.712683579654059152e-01 0.000000000000000000e+00 0.000000000000000000e+00 1.000000000000000222e+00 0.000000000000000000e+00
5.348372004214188014e-01 -8.449551284212550861e-01 0.000000000000000000e+00 -1.392360639040041370e+00 8.449551284212550861e-01 5.348372004214188014e-01 0.000000000000000000e+00 -8.712683579654054711e-01 0.000000000000000000e+00 0.000000000000000000e+00 1.000000000000000222e+00 0.000000000000000000e+00
5.348372004214188014e-01 -8.449551284212550861e-01 0.000000000000000000e+00 -1.392360639040041370e+00 8.449551284212550861e-01 5.348372004214188014e-01 0.000000000000000000e+00 -8.712683579654054711e-01 0.000000000000000000e+00 0.000000000000000000e+00 1.000000000000000222e+00 0.000000000000000000e+00
5.348372004214188014e-01 -8.449551284212550861e-01 0.000000000000000000e+00 -1.392360639040041370e+00 8.449551284212550861e-01 5.348372004214188014e-01 0.000000000000000000e+00 -8.712683579654059152e-01 0.000000000000000000e+00 0.000000000000000000e+00 1.000000000000000222e+00 0.000000000000000000e+00
5.348372004214188014e-01 -8.449551284212550861e-01 0.000000000000000000e+00 -1.392360639040041370e+00 8.449551284212550861e-01 5.348372004214188014e-01 0.000000000000000000e+00 -8.712683579654054711e-01 0.000000000000000000e+00 0.000000000000000000e+00 1.000000000000000222e+00 0.000000000000000000e+00
4.981267625199873872e-01 -8.671042200689350610e-01 0.000000000000000000e+00 -1.381542434410533593e+00 8.671042200689350610e-01 4.981267625199873872e-01 0.000000000000000000e+00 -8.533380060947002299e-01 0.000000000000000000e+00 0.000000000000000000e+00 1.000000000000000000e+00 0.000000000000000000e+00
4.981267625199873872e-01 -8.671042200689350610e-01 0.000000000000000000e+00 -1.381542434410533593e+00 8.671042200689350610e-01 4.981267625199873872e-01 0.000000000000000000e+00 -8.533380060947006740e-01 0.000000000000000000e+00 0.000000000000000000e+00 1.000000000000000000e+00 0.000000000000000000e+00
4.981267625199873872e-01 -8.671042200689350610e-01 0.000000000000000000e+00 -1.381542434410533593e+00 8.671042200689350610e-01 4.981267625199873872e-01 0.000000000000000000e+00 -8.533380060947002299e-01 0.000000000000000000e+00 0.000000000000000000e+00 1.000000000000000000e+00 0.000000000000000000e+00
4.644631119761588600e-01 -8.855924670035436597e-01 0.000000000000000000e+00 -1.371975868808738452e+00 8.855924670035436597e-01 4.644631119761588600e-01 0.000000000000000000e+00 -8.359190739435891082e-01 0.000000000000000000e+00 0.000000000000000000e+00 1.000000000000000222e+00 0.000000000000000000e+00
4.644631119761588600e-01 -8.855924670035436597e-01 0.000000000000000000e+00 -1.371975868808738452e+00 8.855924670035436597e-01 4.644631119761588600e-01 0.000000000000000000e+00 -8.359190739435895523e-01 0.000000000000000000e+00 0.000000000000000000e+00 1.000000000000000222e+00 0.000000000000000000e+00
4.644631119761588600e-01 -8.855924670035436597e-01 0.000000000000000000e+00 -1.371975868808738452e+00 8.855924670035436597e-01 4.644631119761588600e-01 0.000000000000000000e+00 -8.359190739435886641e-01 0.000000000000000000e+00 0.000000000000000000e+00 1.000000000000000222e+00 0.000000000000000000e+00
4.644631119761588600e-01 -8.855924670035436597e-01 0.000000000000000000e+00 -1.371975868808738452e+00 8.855924670035436597e-01 4.644631119761588600e-01 0.000000000000000000e+00 -8.359190739435891082e-01 0.000000000000000000e+00 0.000000000000000000e+00 1.000000000000000222e+00 0.000000000000000000e+00
4.272470373835048352e-01 -9.041349285626665289e-01 0.000000000000000000e+00 -1.363133108462310616e+00 9.041349285626665289e-01 4.272470373835048352e-01 0.000000000000000000e+00 -8.181710077633486122e-01 0.000000000000000000e+00 0.000000000000000000e+00 1.000000000000000000e+00 0.000000000000000000e+00
4.272470373835048352e-01 -9.041349285626665289e-01 0.000000000000000000e+00 -1.363133108462310616e+00 9.041349285626665289e-01 4.272470373835048352e-01 0.000000000000000000e+00 -8.181710077633486122e-01 0.000000000000000000e+00 0.000000000000000000e+00 1.000000000000000000e+00 0.000000000000000000e+00
4.272470373835048352e-01 -9.041349285626665289e-01 0.000000000000000000e+00 -1.363133108462310616e+00 9.041349285626665289e-01 4.272470373835048352e-01 0.000000000000000000e+00 -8.181710077633486122e-01 0.000000000000000000e+00 0.000000000000000000e+00 1.000000000000000000e+00 0.000000000000000000e+00
4.272470373835048352e-01 -9.041349285626665289e-01 0.000000000000000000e+00 -1.363133108462310616e+00 9.041349285626665289e-01 4.272470373835048352e-01 0.000000000000000000e+00 -8.181710077633481681e-01 0.000000000000000000e+00 0.000000000000000000e+00 1.000000000000000000e+00 0.000000000000000000e+00
3.915582418944695831e-01 -9.201533259215620708e-01 0.000000000000000000e+00 -1.354982974264116846e+00 9.201533259215620708e-01 3.915582418944695831e-01 0.000000000000000000e+00 -8.000126082961056539e-01 0.000000000000000000e+00 0.000000000000000000e+00 1.000000000000000222e+00 0.000000000000000000e+00
3.915582418944695831e-01 -9.201533259215620708e-01 0.000000000000000000e+00 -1.354982974264116846e+00 9.201533259215620708e-01 3.915582418944695831e-01 0.000000000000000000e+00 -8.000126082961056539e-01 0.000000000000000000e+00 0.000000000000000000e+00 1.000000000000000222e+00 0.000000000000000000e+00
3.915582418944695831e-01 -9.201533259215620708e-01 0.000000000000000000e+00 -1.354982974264116846e+00 9.201533259215620708e-01 3.915582418944695831e-01 0.000000000000000000e+00 -8.000126082961056539e-01 0.000000000000000000e+00 0.000000000000000000e+00 1.000000000000000222e+00 0.000000000000000000e+00
3.915582418944695831e-01 -9.201533259215620708e-01 0.000000000000000000e+00 -1.354982974264116846e+00 9.201533259215620708e-01 3.915582418944695831e-01 0.000000000000000000e+00 -8.000126082961060980e-01 0.000000000000000000e+00 0.000000000000000000e+00 1.000000000000000222e+00 0.000000000000000000e+00
3.564808324380216442e-01 -9.343026362503187299e-01 0.000000000000000000e+00 -1.347572834378959694e+00 9.343026362503187299e-01 3.564808324380216442e-01 0.000000000000000000e+00 -7.816422062210968136e-01 0.000000000000000000e+00 0.000000000000000000e+00 1.000000000000000000e+00 0.000000000000000000e+00
3.564808324380216442e-01 -9.343026362503187299e-01 0.000000000000000000e+00 -1.347572834378959694e+00 9.343026362503187299e-01 3.564808324380216442e-01 0.000000000000000000e+00 -7.816422062210968136e-01 0.000000000000000000e+00 0.000000000000000000e+00 1.000000000000000000e+00 0.000000000000000000e+00
3.564808324380216442e-01 -9.343026362503187299e-01 0.000000000000000000e+00 -1.347572834378959694e+00 9.343026362503187299e-01 3.564808324380216442e-01 0.000000000000000000e+00 -7.816422062210968136e-01 0.000000000000000000e+00 0.000000000000000000e+00 1.000000000000000000e+00 0.000000000000000000e+00
3.564808324380216442e-01 -9.343026362503187299e-01 0.000000000000000000e+00 -1.347572834378959694e+00 9.343026362503187299e-01 3.564808324380216442e-01 0.000000000000000000e+00 -7.816422062210968136e-01 0.000000000000000000e+00 0.000000000000000000e+00 1.000000000000000000e+00 0.000000000000000000e+00
3.177016931003723288e-01 -9.481907161542750817e-01 0.000000000000000000e+00 -1.340827794197729572e+00 9.481907161542750817e-01 3.177016931003723288e-01 0.000000000000000000e+00 -7.628082959253847939e-01 0.000000000000000000e+00 0.000000000000000000e+00 1.000000000000000000e+00 0.000000000000000000e+00
3.177016931003723288e-01 -9.481907161542750817e-01 0.000000000000000000e+00 -1.340827794197729572e+00 9.481907161542750817e-01 3.177016931003723288e-01 0.000000000000000000e+00 -7.628082959253847939e-01 0.000000000000000000e+00 0.000000000000000000e+00 1.000000000000000000e+00 0.000000000000000000e+00
3.177016931003723288e-01 -9.481907161542750817e-01 0.000000000000000000e+00 -1.340827794197729572e+00 9.481907161542750817e-01 3.177016931003723288e-01 0.000000000000000000e+00 -7.628082959253847939e-01 0.000000000000000000e+00 0.000000000000000000e+00 1.000000000000000000e+00 0.000000000000000000e+00
3.177016931003723288e-01 -9.481907161542750817e-01 0.000000000000000000e+00 -1.340827794197729572e+00 9.481907161542750817e-01 3.177016931003723288e-01 0.000000000000000000e+00 -7.628082959253847939e-01 0.000000000000000000e+00 0.000000000000000000e+00 1.000000000000000000e+00 0.000000000000000000e+00
2.770768454769134692e-01 -9.608477619792653579e-01 0.000000000000000000e+00 -1.334926508369558951e+00 9.608477619792653579e-01 2.770768454769134692e-01 0.000000000000000000e+00 -7.438671592929453347e-01 0.000000000000000000e+00 0.000000000000000000e+00 1.000000000000000222e+00 0.000000000000000000e+00
2.770768454769134692e-01 -9.608477619792653579e-01 0.000000000000000000e+00 -1.334926508369558951e+00 9.608477619792653579e-01 2.770768454769134692e-01 0.000000000000000000e+00 -7.438671592929457788e-01 0.000000000000000000e+00 0.000000000000000000e+00 1.000000000000000222e+00 0.000000000000000000e+00
2.770768454769134692e-01 -9.608477619792653579e-01 0.000000000000000000e+00 -1.334926508369558951e+00 9.608477619792653579e-01 2.770768454769134692e-01 0.000000000000000000e+00 -7.438671592929453347e-01 0.000000000000000000e+00 0.000000000000000000e+00 1.000000000000000222e+00 0.000000000000000000e+00
2.770768454769134692e-01 -9.608477619792653579e-01 0.000000000000000000e+00 -1.334926508369558951e+00 9.608477619792653579e-01 2.770768454769134692e-01 0.000000000000000000e+00 -7.438671592929457788e-01 0.000000000000000000e+00 0.000000000000000000e+00 1.000000000000000222e+00 0.000000000000000000e+00
2.770768454769134692e-01 -9.608477619792653579e-01 0.000000000000000000e+00 -1.334926508369558951e+00 9.608477619792653579e-01 2.770768454769134692e-01 0.000000000000000000e+00 -7.438671592929453347e-01 0.000000000000000000e+00 0.000000000000000000e+00 1.000000000000000222e+00 0.000000000000000000e+00
2.290838625949301322e-01 -9.734066898776623233e-01 0.000000000000000000e+00 -1.329765862972368984e+00 9.734066898776623233e-01 2.290838625949301322e-01 0.000000000000000000e+00 -7.241461470668051348e-01 0.000000000000000000e+00 0.000000000000000000e+00 1.000000000000000222e+00 0.000000000000000000e+00
2.290838625949301322e-01 -9.734066898776623233e-01 0.000000000000000000e+00 -1.329765862972368984e+00 9.734066898776623233e-01 2.290838625949301322e-01 0.000000000000000000e+00 -7.241461470668051348e-01 0.000000000000000000e+00 0.000000000000000000e+00 1.000000000000000222e+00 0.000000000000000000e+00
2.290838625949301322e-01 -9.734066898776623233e-01 0.000000000000000000e+00 -1.329765862972368984e+00 9.734066898776623233e-01 2.290838625949301322e-01 0.000000000000000000e+00 -7.241461470668051348e-01 0.000000000000000000e+00 0.000000000000000000e+00 1.000000000000000222e+00 0.000000000000000000e+00
1.980167342772551908e-01 -9.801986395349521208e-01 0.000000000000000000e+00 -1.325421492357675035e+00 9.801986395349521208e-01 1.980167342772551908e-01 0.000000000000000000e+00 -7.042745154769445293e-01 0.000000000000000000e+00 0.000000000000000000e+00 1.000000000000000000e+00 0.000000000000000000e+00
1.980167342772551908e-01 -9.801986395349521208e-01 0.000000000000000000e+00 -1.325421492357675035e+00 9.801986395349521208e-01 1.980167342772551908e-01 0.000000000000000000e+00 -7.042745154769445293e-01 0.000000000000000000e+00 0.000000000000000000e+00 1.000000000000000000e+00 0.000000000000000000e+00
