-3.297527758395296660e-01 -9.440661025311501975e-01 -1.516864452987296691e-03 8.542171589529305997e-01 9.424297189040341527e-01 -3.290857576422298036e-01 -5.940361136751603349e-02 6.684011310726255539e-01 5.558175737225409807e-02 -2.101804388337539381e-02 9.982328937070388264e-01 0.000000000000000000e+00
-3.388991681648785836e-01 -9.408226234171207514e-01 3.808985169911696667e-04 8.524122182774892531e-01 9.391100460545594997e-01 -3.383066327212085889e-01 -6.017427736367547686e-02 6.729499423694350613e-01 5.674218198621439752e-02 -2.003530691963860758e-02 9.981878136203021779e-01 0.000000000000000000e+00
-3.508066906383624506e-01 -9.364478952890182839e-01 -7.219507071906661189e-05 8.501155695943128920e-01 9.347652909988544145e-01 -3.501717415941194567e-01 -5.994666073075546886e-02 6.785199332205148481e-01 5.611164359727259521e-02 -2.109717511206639362e-02 9.982015791688088058e-01 0.000000000000000000e+00
-3.607028360148848978e-01 -9.326759233608983291e-01 -3.014311482767498274e-03 8.483131361657947345e-01 9.309945727217650013e-01 -3.598545785955299947e-01 -6.126816323713262652e-02 6.831432317412463595e-01 5.605862693143193881e-02 -2.490590786800608164e-02 9.981167898096059421e-01 0.000000000000000000e+00
-3.698272567038787817e-01 -9.290995713908755116e-01 1.336652600745624059e-03 8.461927392843896500e-01 9.273502691955101129e-01 -3.692184491326920281e-01 -6.082117265447160165e-02 6.876454515467802509e-01 5.700244224503647761e-02 -2.125378228319386303e-02 9.981477838059653607e-01 0.000000000000000000e+00
-3.784322833354222815e-01 -9.256265832497584389e-01 2.106017786484903204e-03 8.440932217293722895e-01 9.238795533425693263e-01 -3.778558923044789686e-01 -6.059286728915263404e-02 6.920443459152310073e-01 5.688213994808576091e-02 -2.098459035016506796e-02 9.981603423913227857e-01 0.000000000000000000e+00
-3.879771876181431489e-01 -9.216637905215218085e-01 3.091784180173660912e-03 8.420496695214878535e-01 9.198327564195406536e-01 -3.874136958049311241e-01 -6.179262512949546676e-02 6.964461183126834376e-01 5.814982463899852350e-02 -2.113020454858038216e-02 9.980842210706414308e-01 0.000000000000000000e+00
-3.976927555965266703e-01 -9.175120895612537408e-01 3.469532386898174087e-03 8.399431250560025486e-01 9.156660511138362546e-01 -3.971270996581886537e-01 -6.201410770678694728e-02 7.009125171141805666e-01 5.827653887830974710e-02 -2.148562835984928199e-02 9.980692424828789822e-01 0.000000000000000000e+00
-4.213267456412811973e-01 -9.068743889584899298e-01 -7.913030929563916877e-03 8.385851097105249119e-01 9.058690068406799467e-01 -4.204098934357722306e-01 -5.154477613495278554e-02 7.058255050601114355e-01 4.341792087153553692e-02 -2.888536225301168922e-02 9.986393342917676552e-01 0.000000000000000000e+00
-4.314099174391882729e-01 -9.021215647497575763e-01 -7.884513210196730792e-03 8.363674222418489013e-01 9.011234001846524233e-01 -4.304816274653934793e-01 -5.159637636885790885e-02 7.102781265252092746e-01 4.315206570679362696e-02 -2.936410782222356047e-02 9.986368951711335207e-01 0.000000000000000000e+00
-4.408378468618881496e-01 -8.975485780935845703e-01 -8.279054073929537072e-03 8.340876450550082088e-01 8.965613585752079118e-01 -4.398747409230981398e-01 -5.184537209447893924e-02 7.145660820631329901e-01 4.289199323827429938e-02 -3.027808217212338629e-02 9.986208062402996966e-01 0.000000000000000000e+00
-4.495978685697152866e-01 -8.931992855849755220e-01 -7.536100321694848281e-03 8.317439334768340631e-01 8.921558223564058920e-01 -4.486268208167698557e-01 -5.283904124227915833e-02 7.188205220609183987e-01 4.381489715992059608e-02 -3.047969609965803239e-02 9.985746055816452360e-01 0.000000000000000000e+00
-4.583144172871046473e-01 -8.887681328622323296e-01 -6.253072473816803645e-03 8.293656718018326268e-01 8.876605259250955893e-01 -4.573659993223407882e-01 -5.362027021807272420e-02 7.231818121834351354e-01 4.479604470446262032e-02 -3.012554850052906116e-02 9.985418197083073544e-01 0.000000000000000000e+00
-4.526349910988794467e-01 -8.916940044423756762e-01 1.835013470827151494e-03 8.262323417836900941e-01 8.897572472258908904e-01 -4.517855820232248854e-01 -6.497560222838402733e-02 7.268538297658234670e-01 5.876738757102079741e-02 -2.777751460186334009e-02 9.978851656581637641e-01 0.000000000000000000e+00
-4.767254273291114397e-01 -8.790347048642934702e-01 -5.554690092205310376e-03 8.243820355889341922e-01 8.779205770637454886e-01 -4.757816589204552638e-01 -5.373335465946296741e-02 7.317359355063801640e-01 4.459066388759098942e-02 -3.049263319301833905e-02 9.985398700177274822e-01 0.000000000000000000e+00
-4.725201099368356861e-01 -8.812915983092629579e-01 7.061476813361271254e-03 8.209787869237333835e-01 8.792625558296974786e-01 -4.719490907339374264e-01 -6.450902007655921755e-02 7.353937492845600277e-01 6.018391496993983486e-02 -2.427291710764511654e-02 9.978921393988312571e-01 0.000000000000000000e+00
-4.803598454873350132e-01 -8.770627832572905902e-01 3.910635288397915771e-03 8.185458764627554507e-01 8.749874538914836908e-01 -4.795208669468258300e-01 -6.675847283351749040e-02 7.396467796759444990e-01 6.042660321317648575e-02 -2.864633288118541982e-02 9.977615011798049993e-01 0.000000000000000000e+00
-5.029348040360390737e-01 -8.643086777342382510e-01 -5.205043950237724787e-03 8.165722218756293893e-01 8.631509358794943187e-01 -5.019292164518529553e-01 -5.511373297447901692e-02 7.445230438562041586e-01 4.502271404062956062e-02 -3.221135305015577349e-02 9.984665161912512632e-01 0.000000000000000000e+00
-4.965656302336895478e-01 -8.679881884614322196e-01 4.368015803520773621e-03 8.132737737196515937e-01 8.659186555116298312e-01 -4.957173442227404414e-01 -6.670229886356497662e-02 7.480686534929320564e-01 6.006210875044309255e-02 -2.933972270138379690e-02 9.977633606042346504e-01 0.000000000000000000e+00
-5.032327810454866324e-01 -8.641314930557424390e-01 5.790577732750257917e-03 8.106024690565234447e-01 8.619270226139432722e-01 -5.024068818342710685e-01 -6.833105277564603675e-02 7.521187251899624782e-01 6.195624075981975842e-02 -2.939537029565023399e-02 9.976458973183286449e-01 0.000000000000000000e+00
-5.118777746461258271e-01 -8.590581045253188330e-01 -5.629144665575090689e-04 8.079292131560331658e-01 8.570086130828765691e-01 -5.106111084529088018e-01 -6.937242266388339573e-02 7.563890940308727329e-01 5.930751154023182481e-02 -3.599262388126782397e-02 9.975906726213148445e-01 0.000000000000000000e+00
-5.197054325859853385e-01 -8.543215063336767612e-01 6.405244442753636747e-03 8.052031310862155511e-01 8.521274581106020873e-01 -5.188814899680007642e-01 -6.812337706361622225e-02 7.602653885512186127e-01 6.152282888959092338e-02 -2.994600448048413688e-02 9.976563428060170047e-01 0.000000000000000000e+00
-5.414349845340408196e-01 -8.407381445870119041e-01 -2.744040635960950242e-03 8.031386704614739136e-01 8.393852620819057808e-01 -5.403725817421128896e-01 -5.856496137669641583e-02 7.649044143278331820e-01 4.775499264279425837e-02 -3.401242622560780166e-02 9.982798282745847240e-01 0.000000000000000000e+00
-5.357207873134026688e-01 -8.443594546095481990e-01 7.768490958628821580e-03 7.997028159278456449e-01 8.420396956114525322e-01 -5.348904565552117241e-01 -6.972338560862945123e-02 7.682612141974016762e-01 6.302689152163959418e-02 -3.081088927024680166e-02 9.975361146582593097e-01 0.000000000000000000e+00
-5.447135362241788403e-01 -8.385832684378641266e-01 8.078697309545402466e-03 7.968996998280277744e-01 8.362662660701180029e-01 -5.438796597694579571e-01 -6.966812701803649921e-02 7.721622325920324270e-01 6.281636480482531704e-02 -3.119322979634567283e-02 9.975375114388327358e-01 0.000000000000000000e+00
-5.527785387093611114e-01 -8.332828766987940838e-01 8.691061093189456077e-03 7.940131747109661076e-01 8.309017295903375899e-01 -5.519342989747442196e-01 -7.050422241995761563e-02 7.761635656366903113e-01 6.354685598933010326e-02 -3.175180334783754554e-02 9.974736187378749896e-01 0.000000000000000000e+00
-5.614901556895911527e-01 -8.274310649013431052e-01 9.307948211514788239e-03 7.911078583430706246e-01 8.250010741418961624e-01 -5.606409739374024204e-01 -7.109800283579406632e-02 7.800055635901345097e-01 6.404711334944233891e-02 -3.224176140893217357e-02 9.974259050640571500e-01 0.000000000000000000e+00
-5.847995434336985543e-01 -8.111778006240978334e-01 2.641484225747552095e-04 7.888275996140819979e-01 8.096805072947815818e-01 -5.837398195896044140e-01 -6.054171398598973131e-02 7.845209597208712138e-01 4.926428834970700277e-02 -3.519089086890890561e-02 9.981656330956549805e-01 0.000000000000000000e+00
-5.944526001564436335e-01 -8.041304592047983091e-01 5.574462521120635006e-04 7.858269266519171126e-01 8.025832647018736887e-01 -5.933515382827982965e-01 -6.159590276892903948e-02 7.884012124120785003e-01 4.986190316991367943e-02 -3.616844752705741795e-02 9.981010139338387654e-01 0.000000000000000000e+00
-6.032588178130097178e-01 -7.975440387324016500e-01 1.518227011913786395e-03 7.827277156856494722e-01 7.959857442360870339e-01 -6.021969448070921826e-01 -6.136395226781757306e-02 7.922764468609467814e-01 4.985472599235561686e-02 -3.580985824342006185e-02 9.981143022463977443e-01 0.000000000000000000e+00
-6.101363737955762812e-01 -7.922955395522426336e-01 1.176170568270590994e-03 7.796181127332719729e-01 7.907539792069484541e-01 -6.090404825080504292e-01 -6.146409549272117273e-02 7.960853010247321837e-01 4.941406419190737254e-02 -3.657141878546785879e-02 9.981086021010220355e-01 0.000000000000000000e+00
-6.172271065315216854e-01 -7.867823242648139814e-01 2.067168881042774631e-03 7.765149972761741237e-01 7.851672319992470950e-01 -6.161242239782082075e-01 -6.247686309259956050e-02 7.998902876881526236e-01 5.042932437943443286e-02 -3.693934016340789939e-02 9.980442717589866897e-01 0.000000000000000000e+00
-6.117168976976181671e-01 -7.910405037504555370e-01 7.573539293330065758e-03 7.726784518380430677e-01 7.884809986040723917e-01 -6.104566576871821582e-01 -7.510248947750998438e-02 8.031772212886627571e-01 6.403242859307159418e-02 -3.996987004757833473e-02 9.971470591526874205e-01 0.000000000000000000e+00
-6.188661428497116423e-01 -7.854598567672007592e-01 7.583577095851289779e-03 7.695011287641068121e-01 7.829114869294663270e-01 -6.175833845391313082e-01 -7.510237529588077721e-02 8.068587073858379810e-01 6.367339215254834428e-02 -4.054104769785603357e-02 9.971469914628172670e-01 0.000000000000000000e+00
-6.259761141256906525e-01 -7.798030376957946208e-01 7.818372241810644940e-03 7.662465227514817512e-01 7.772023629490724117e-01 -6.246499724008808263e-01 -7.595326856664751103e-02 8.105157558911074700e-01 6.411233555626306979e-02 -4.146847453174429265e-02 9.970807259442594495e-01 0.000000000000000000e+00
-6.345713852744502281e-01 -7.727962005590527372e-01 1.025618800322576976e-02 7.629747652586570394e-01 7.701120968816983492e-01 -6.333749193963754687e-01 -7.591817777125978162e-02 8.141619269074665821e-01 6.516529158485349915e-02 -4.027708878664316983e-02 9.970613024741927788e-01 0.000000000000000000e+00
-6.422585077537446008e-01 -7.664051810053338354e-01 1.127420711689725713e-02 7.596625289012202131e-01 7.637307327986955219e-01 -6.411253330392199246e-01 -7.532380177684172562e-02 8.178303217114079038e-01 6.495673172736415868e-02 -3.976689406442100727e-02 9.970953901908123918e-01 0.000000000000000000e+00
-6.639683075090786479e-01 -7.477451444018115012e-01 4.825520390952436900e-03 7.568571601884909184e-01 7.460171886727844370e-01 -6.628467928540969778e-01 -6.397252072408193824e-02 8.218401061133316921e-01 5.103372246157140274e-02 -3.887580515631661182e-02 9.979399936595203524e-01 0.000000000000000000e+00
-6.724500909021128292e-01 -7.401343379891276442e-01 3.469434411508504762e-03 7.533713439695257641e-01 7.385083004741035406e-01 -6.712693307001288412e-01 -6.326907453291881478e-02 8.254958296453772659e-01 4.915653950992796006e-02 -3.998308881010430305e-02 9.979904745199785765e-01 0.000000000000000000e+00
-6.805809786367988945e-01 -7.326589342231429880e-01 4.518586148961934584e-03 7.499245437085512167e-01 7.309937852781712708e-01 -6.794256540426444335e-01 -6.347335278221641341e-02 8.289518436064869933e-01 4.957436235059473062e-02 -3.989569816074441805e-02 9.979733041849361275e-01 0.000000000000000000e+00
-6.885419684638345306e-01 -7.251730090597408029e-01 5.836488258308691196e-03 7.463936812738571902e-01 7.233978682101309676e-01 -6.873784862668037565e-01 -6.485630953574142432e-02 8.323914410034300992e-01 5.104392160665376099e-02 -4.043418787114518020e-02 9.978775448511781887e-01 0.000000000000000000e+00
-6.961347015883111444e-01 -7.178766611125213526e-01 7.041070550080737872e-03 7.429296413641187646e-01 7.160479442603824296e-01 -6.950007347458911910e-01 -6.518681019310376690e-02 8.357872512882517091e-01 5.168963885570476702e-02 -4.033705656849253390e-02 9.978482365081160488e-01 0.000000000000000000e+00
-7.030980426883917112e-01 -7.110592768693488885e-01 6.917163131751967453e-03 7.393563916099075151e-01 7.092587344395755444e-01 -7.019495222616010111e-01 -6.495318173794011052e-02 8.392096915011377778e-01 5.104106179268194654e-02 -4.076239657759057888e-02 9.978643379920573153e-01 0.000000000000000000e+00
-7.097403461689271165e-01 -7.044210478455736890e-01 7.721940957782742060e-03 7.358062401093529159e-01 7.025663359065781322e-01 -7.085904698497487164e-01 -6.557506911103946901e-02 8.424507805387790871e-01 5.166415266717162835e-02 -4.111609648612411794e-02 9.978177598835005213e-01 0.000000000000000000e+00
-7.165925320553728772e-01 -6.974527928515793507e-01 7.398969252657067175e-03 7.322329108118419416e-01 6.956263753535641969e-01 -7.154109270049179292e-01 -6.550688081741158630e-02 8.458100528002689966e-01 5.098126042902352550e-02 -4.179482342942018869e-02 9.978246859140998959e-01 0.000000000000000000e+00
-7.226800115710824146e-01 -6.911401743789552521e-01 7.672042429973918026e-03 7.286161893133218381e-01 6.892788769594359044e-01 -7.214682729413192108e-01 -6.616767274590384940e-02 8.490411976721594645e-01 5.126627208173945016e-02 -4.252987771552382834e-02 9.977790230548764239e-01 0.000000000000000000e+00
-7.285074181992214903e-01 -6.849894295410706713e-01 8.150033478664286263e-03 7.248782530022119808e-01 6.831035509853259358e-01 -7.272923347654776105e-01 -6.644846441129254044e-02 8.523559374722938786e-01 5.144395260808597159e-02 -4.284088244164871440e-02 9.977565727830001174e-01 0.000000000000000000e+00
-7.345018462055581399e-01 -6.785399563555064573e-01 9.516593387038672219e-03 7.211991020642516403e-01 6.765776948982228367e-01 -7.333173556923529013e-01 -6.699461625073123427e-02 8.556466515522599403e-01 5.243720708460759827e-02 -4.276895450490868222e-02 9.977079511779602949e-01 0.000000000000000000e+00
-7.403384894498052926e-01 -6.721449846135014727e-01 1.095630859807791152e-02 7.174491572608878709e-01 6.701591525044396924e-01 -7.392347330924449178e-01 -6.647345112353318652e-02 8.587818798964097500e-01 5.277908064481214717e-02 -4.187038390864702975e-02 9.977280388951845769e-01 0.000000000000000000e+00
-7.466784533614763131e-01 -6.650891332921992083e-01 1.130186101246469926e-02 7.137355873559733110e-01 6.630217833443946551e-01 -7.455118005389789193e-01 -6.792841870637367219e-02 8.619043328019106998e-01 5.360412387617551760e-02 -4.322730657537102866e-02 9.976261814275457773e-01 0.000000000000000000e+00
-7.533668854569414153e-01 -6.575044278161000788e-01 1.123669431508809990e-02 7.098705102690814339e-01 6.554727380598533992e-01 -7.521931459630527561e-01 -6.753488599623551358e-02 8.651038518448167514e-01 5.285665102167164120e-02 -4.351319993322116941e-02 9.976536352233398297e-01 0.000000000000000000e+00
-7.608218893709709496e-01 -6.488527972480179207e-01 1.183639123249894190e-02 7.060216869387875294e-01 6.467870492697914697e-01 -7.596389419681660593e-01 -6.793519516687873683e-02 8.681593247949840331e-01 5.307132512819606740e-02 -4.403095898237951306e-02 9.976195212104811416e-01 0.000000000000000000e+00
-7.678282024689254692e-01 -6.405231896244076850e-01 1.303437941421990362e-02 7.021995432507283086e-01 6.383643863784478345e-01 -7.666427931056604139e-01 -6.891834286182094149e-02 8.712075363943544426e-01 5.413650983399855010e-02 -4.459676370014671598e-02 9.975371506718266890e-01 0.000000000000000000e+00
-7.743906477542401579e-01 -6.325673413964059133e-01 1.332978879995510429e-02 6.982733968252942125e-01 6.304068609365409692e-01 -7.731983374904005668e-01 -6.893127436960352905e-02 8.741888431507678359e-01 5.391024350626976575e-02 -4.497654389527577096e-02 9.975323534323743413e-01 0.000000000000000000e+00
-7.805440757240909022e-01 -6.249373187497671012e-01 1.429312722522924073e-02 6.943897853912193163e-01 6.226871424318867199e-01 -7.793343837636070859e-01 -6.999029171113715919e-02 8.771001205245126942e-01 5.487867073860097644e-02 -4.573036100503565654e-02 9.974452694661062324e-01 0.000000000000000000e+00
-7.865674446908454964e-01 -6.173010617856902194e-01 1.584468588433982084e-02 6.905809457180868138e-01 6.149985842923526569e-01 -7.854269228286501203e-01 -6.986623085811791145e-02 8.799539614692784006e-01 5.557334136900390908e-02 -4.521004328882449047e-02 9.974305267610907855e-01 0.000000000000000000e+00
-7.930016100776572374e-01 -6.090174821370013536e-01 1.568925956667919022e-02 6.866304620499114053e-01 6.067225978048751411e-01 -7.918187352979443316e-01 -7.007695587044092400e-02 8.827721225181287545e-01 5.510114088789078157e-02 -4.605211051266999006e-02 9.974182008516696563e-01 0.000000000000000000e+00
-7.990083661661084857e-01 -6.011411896184681858e-01 1.465950001395431926e-02 6.825090973273357786e-01 5.989031115830454333e-01 -7.977440416862477957e-01 -7.013919653258446352e-02 8.856722015662786829e-01 5.385808883271288316e-02 -4.726218465309495187e-02 9.974294923297108983e-01 0.000000000000000000e+00
-8.046937434495906594e-01 -5.934493900052375537e-01 1.690564271170953009e-02 6.785984089469296876e-01 5.911233457733346963e-01 -8.035348272979268014e-01 -7.003550100506003573e-02 8.883448093558580227e-01 5.514679804687804693e-02 -4.636380939593499201e-02 9.974012371375295949e-01 0.000000000000000000e+00
-8.112976497781563268e-01 -5.843917795141257976e-01 1.680391325714016004e-02 6.744996865046442025e-01 5.820649480675208487e-01 -8.100910228854567574e-01 -7.037706211223002106e-02 8.910932183642003013e-01 5.474047584369742814e-02 -4.731577619259512424e-02 9.973789137673294558e-01 0.000000000000000000e+00
-8.168210863909489694e-01 -5.766368959351967360e-01 1.712317357650525521e-02 6.703698851090910127e-01 5.742911272293779179e-01 -8.155963665250994810e-01 -7.065598415326358739e-02 8.939162015995287813e-01 5.470844553376064123e-02 -4.787961108109493880e-02 9.973537631302158424e-01 0.000000000000000000e+00
-8.224051088009066701e-01 -5.686279448905108280e-01 1.766627600155308911e-02 6.661136176331499126e-01 5.662641544022167794e-01 -8.211837099950053398e-01 -7.072638742351741725e-02 8.965678124929009618e-01 5.472425839891588428e-02 -4.816196350267728382e-02 9.973393007468699389e-01 0.000000000000000000e+00
-8.287122426212331083e-01 -5.590101059490748536e-01 2.727123716465120612e-02 6.619548384185161005e-01 5.567682265467253089e-01 -8.283886589065930783e-01 -6.149285895899390952e-02 8.992519888214441925e-01 5.696631318332775334e-02 -3.577612670120103311e-02 9.977348885954417934e-01 0.000000000000000000e+00
-8.348479880914498885e-01 -5.498133363625702374e-01 2.709486921019184369e-02 6.577026728031760694e-01 5.475806108857724785e-01 -8.344890198801304670e-01 -6.151057048559427365e-02 9.019465475416783562e-01 5.642970283124294772e-02 -3.651535098226874054e-02 9.977386019298939424e-01 0.000000000000000000e+00
-8.402487624416679068e-01 -5.414148988702893739e-01 2.918774565669410639e-02 6.515156740300812599e-01 5.393361075524900627e-01 -8.401236317854263724e-01 -5.752257301089866437e-02 9.037525167446978092e-01 5.566489293418569462e-02 -3.259126565415458587e-02 9.979174460333308794e-01 0.000000000000000000e+00
-8.465104986172931056e-01 -5.314372186426129518e-01 3.153503404319574210e-02 6.471982631646665540e-01 5.293168597441780809e-01 -8.465116053021752851e-01 -5.693649163143289782e-02 9.061924840430868322e-01 5.695294304304147903e-02 -3.150531272877347966e-02 9.978796408127577067e-01 0.000000000000000000e+00
-8.518050696472887484e-01 -5.229106516684752792e-01 3.150513759418076959e-02 6.429682779723586705e-01 5.207511445612696965e-01 -8.517602601110667582e-01 -5.764290705417115385e-02 9.086826884201909538e-01 5.697691428381634199e-02 -3.269418399622053134e-02 9.978400280463377570e-01 0.000000000000000000e+00
-8.570119061647342162e-01 -5.143170200142684889e-01 3.175839441047685618e-02 6.387194790846153492e-01 5.121640227762235265e-01 -8.569681218708035120e-01 -5.739034649576289782e-02 9.111218340388735903e-01 5.673276359886565701e-02 -3.291870320760457991e-02 9.978465575996966486e-01 0.000000000000000000e+00
-8.618685531375878117e-01 -5.061577383997456492e-01 3.141561666712177486e-02 6.344340073680545533e-01 5.039783683647577339e-01 -8.617618862425202586e-01 -5.807112570055808498e-02 9.134209070202952141e-01 5.646593072745264424e-02 -3.421688585754226186e-02 9.978180211788592047e-01 0.000000000000000000e+00
-8.669385613048257166e-01 -4.973260752096618775e-01 3.292879954193340952e-02 6.302892171454967940e-01 4.950879453820942189e-01 -8.668909808096028069e-01 -5.820613136347052574e-02 9.156809660801418227e-01 5.749310619592225280e-02 -3.415848807425217459e-02 9.977613644716986085e-01 0.000000000000000000e+00
-8.716935520315131081e-01 -4.888485227235396247e-01 3.431432904337054085e-02 6.260422602654783786e-01 4.866581244295330455e-01 -8.717588000299502093e-01 -5.657264795879921038e-02 9.179027585503111153e-01 5.756927369189943772e-02 -3.261466543372945615e-02 9.978086301116226853e-01 0.000000000000000000e+00
-8.764209600072149220e-01 -4.803379517579554614e-01 3.408449737056509082e-02 6.216737005933753446e-01 4.781122549676827260e-01 -8.764268191734144731e-01 -5.731232226396591745e-02 9.201504159342072109e-01 5.740185110037421962e-02 -3.393350460154695436e-02 9.977742954975877820e-01 0.000000000000000000e+00
-8.810405622351215049e-01 -4.718062772570207897e-01 3.415207808161448838e-02 6.172728618576777126e-01 4.695598122513363060e-01 -8.810174955350783543e-01 -5.763467081183189233e-02 9.223863674206708163e-01 5.728097777544671060e-02 -3.474203940429664017e-02 9.977534165730126414e-01 0.000000000000000000e+00
-8.855949872377248955e-01 -4.630928093106836951e-01 3.558888231108989220e-02 6.129417832048449366e-01 4.607956200099191935e-01 -8.856321271046092569e-01 -5.764661325558963212e-02 9.244516194573653145e-01 5.821438962222363900e-02 -3.465235064038325874e-02 9.977025104889774010e-01 0.000000000000000000e+00
-8.906114257854809146e-01 -4.532664636079740128e-01 3.688903941110651535e-02 6.085724639516427725e-01 4.508920230061770895e-01 -8.906806001831915065e-01 -5.817604358073014126e-02 9.265664673898569292e-01 5.922560130340668444e-02 -3.517927551316392398e-02 9.976245519856751232e-01 0.000000000000000000e+00
-8.955170016267328670e-01 -4.434898422001205542e-01 3.696024435496426258e-02 6.039548000627384949e-01 4.411845803352967277e-01 -8.956078631805224344e-01 -5.694489866166281555e-02 9.287575843490423200e-01 5.835636959094219617e-02 -3.468883501259549529e-02 9.976929481827735424e-01 0.000000000000000000e+00
-8.997290793412713317e-01 -4.348715208640257512e-01 3.707214761944538362e-02 5.994190939133672291e-01 4.325362121674781180e-01 -8.997889067449587053e-01 -5.737898973076063780e-02 9.307410004439911066e-01 5.830959570704566386e-02 -3.559049929576102445e-02 9.976639250811666360e-01 0.000000000000000000e+00
-9.037462922825101330e-01 -4.264610168047289762e-01 3.706265413448578405e-02 5.948017568440308045e-01 4.241667338655962793e-01 -9.038092695136570320e-01 -5.666909407236283419e-02 9.327773760919656487e-01 5.766472983902960758e-02 -3.549373870229160371e-02 9.977048528725944720e-01 0.000000000000000000e+00
-9.070758904781832666e-01 -4.191556779998650284e-01 3.901085122994384785e-02 5.903500217277301010e-01 4.167590976628312016e-01 -9.072145747151081352e-01 -5.721511985261178851e-02 9.346881064842688103e-01 5.937325516151287924e-02 -3.564032863147346269e-02 9.975994103579687300e-01 0.000000000000000000e+00
-9.109510347885231285e-01 -4.107549801212732055e-01 3.805993330644494299e-02 5.856783482929645013e-01 4.083855088551258117e-01 -9.110077670442014997e-01 -5.732472888969977753e-02 9.366089514488216139e-01 5.821931273090165393e-02 -3.667689587069888901e-02 9.976298496609006250e-01 0.000000000000000000e+00
-9.145047930245786549e-01 -4.026581981035736724e-01 3.933648478265520942e-02 5.812916321160578326e-01 4.002123236745083745e-01 -9.145972886238300514e-01 -5.780913094822875964e-02 9.383876692875369185e-01 5.925436282775631280e-02 -3.712378135268731838e-02 9.975523772433979586e-01 0.000000000000000000e+00
-9.194848262013434192e-01 -3.911974416700366164e-01 3.888722176118210305e-02 5.756697100337618833e-01 3.887801504678883302e-01 -9.195285117887531667e-01 -5.759609891066218984e-02 9.405694079881977698e-01 5.828935569768442515e-02 -3.784015906915508959e-02 9.975823140843915748e-01 0.000000000000000000e+00
-9.233973568846648439e-01 -3.816947588744605824e-01 4.057625347641916763e-02 5.712240816186220371e-01 3.792022740337562814e-01 -9.235087168105250433e-01 -5.776924218479696088e-02 9.421508400113484116e-01 5.952274074707285950e-02 -3.795735795264332940e-02 9.975050287147487760e-01 0.000000000000000000e+00
-9.263846202467698188e-01 -3.744070200951822303e-01 4.038463412851456269e-02 5.674361220070776035e-01 3.719109936594270360e-01 -9.264583826803591826e-01 -5.794029648311235098e-02 9.435306405805671259e-01 5.910793656951508768e-02 -3.865551014718502515e-02 9.975028838904452799e-01 0.000000000000000000e+00
-9.306831351161340971e-01 -3.635173618181851141e-01 4.103693052788230655e-02 5.619139223043557729e-01 3.610075951642454650e-01 -9.307744095683060381e-01 -5.772793714051727837e-02 9.455138818803439094e-01 5.918123219511210731e-02 -3.891177391893074072e-02 9.974885741733336975e-01 0.000000000000000000e+00
-9.346603222289611157e-01 -3.531279002395076305e-01 4.136143280026516322e-02 5.571550864648361356e-01 3.506234553506576979e-01 -9.347554442946743869e-01 -5.740602685634468849e-02 9.470510677426272617e-01 5.893449421874996652e-02 -3.915284707275251685e-02 9.974937493324345095e-01 0.000000000000000000e+00
-9.380316914636364078e-01 -3.440063173649714479e-01 4.190703309541170263e-02 5.525316517597615995e-01 3.414784658478701163e-01 -9.381339045965324530e-01 -5.742155003697784615e-02 9.485313691203491882e-01 5.906778455346388401e-02 -3.955288433799305364e-02 9.974700828438370914e-01 0.000000000000000000e+00
-9.420881548150698004e-01 -3.328297649333203934e-01 4.116134268421938608e-02 5.477554978040016787e-01 3.302408661502914677e-01 -9.420528924954033601e-01 -5.896878890861947248e-02 9.501123355285147065e-01 5.840273008552179096e-02 -4.196064007465510198e-02 9.974108610813715581e-01 0.000000000000000000e+00
-9.459394388359855244e-01 -3.217095483338047734e-01 4.124978261179416267e-02 5.429410827686630414e-01 3.192513627105793561e-01 -9.459752965369808697e-01 -5.665073476319071322e-02 9.514947419628241310e-01 5.724635763172223474e-02 -4.041911494120843662e-02 9.975415528614688387e-01 0.000000000000000000e+00
-9.491503430901776506e-01 -3.120198523832386495e-01 4.191942187745222037e-02 5.382984344597182558e-01 3.094142546992484921e-01 -9.491128021717293306e-01 -5.871718438954890568e-02 9.529064257269762583e-01 5.810718716911403292e-02 -4.276096903099432106e-02 9.973941318891061947e-01 0.000000000000000000e+00
-9.524338536100945829e-01 -3.018376995455138712e-01 4.199711454966231078e-02 5.333340358989271390e-01 2.992636612060508572e-01 -9.523985961982418535e-01 -5.812207017277160048e-02 9.543229060582055778e-01 5.754142489524744636e-02 -4.278921701422733204e-02 9.974257202059382266e-01 0.000000000000000000e+00
-9.548556292761556374e-01 -2.940968633874606608e-01 4.192567453594483323e-02 5.286449862188207227e-01 2.915408883349897007e-01 -9.548064258492112710e-01 -5.786708551412945989e-02 9.555263779838857330e-01 5.704943179806221815e-02 -4.303166395471819117e-02 9.974435513996802172e-01 0.000000000000000000e+00
-9.573923071361698511e-01 -2.856509765544484880e-01 4.246751499642732047e-02 5.238610775476822967e-01 2.831128500225024158e-01 -9.573822398472131567e-01 -5.715208637721967688e-02 9.568709422474486193e-01 5.698319391380169546e-02 -4.269386863032011148e-02 9.974618535025583377e-01 0.000000000000000000e+00
-9.603758682365205468e-01 -2.753083618611676386e-01 4.339928108010667612e-02 5.191616601568872502e-01 2.727260694997689083e-01 -9.603884686932381287e-01 -5.722307415951134041e-02 9.580639169864552107e-01 5.743415990642623120e-02 -4.311954418101032055e-02 9.974176768964270190e-01 0.000000000000000000e+00
-9.629504903665182525e-01 -2.661642488897121850e-01 4.339292241665419075e-02 5.144774053356432342e-01 2.635816676777256728e-01 -9.629377418679865297e-01 -5.723294287744003228e-02 9.592587576239236524e-01 5.701804597766733235e-02 -4.367491155295791239e-02 9.974173873227447640e-01 0.000000000000000000e+00
-9.655042311925779996e-01 -2.565561708474151104e-01 4.450292967143514716e-02 5.097792174874250515e-01 2.539874805765390819e-01 -9.655765418231209152e-01 -5.614536126239513120e-02 9.604374116771056125e-01 5.737542382946680258e-02 -4.290539687515564776e-02 9.974302921304196712e-01 0.000000000000000000e+00
-9.679797041492149701e-01 -2.469721946546082070e-01 4.494471518081561562e-02 5.049541982751345470e-01 2.443242635732701118e-01 -9.680064880121032056e-01 -5.717598618172813757e-02 9.614797364702433180e-01 5.762765468572853683e-02 -4.436410975056565703e-02 9.973519334625375876e-01 0.000000000000000000e+00
-9.705657756628963684e-01 -2.366767254001659604e-01 4.456683481845117450e-02 5.001610003267180637e-01 2.340933659826637536e-01 -9.705804298299157695e-01 -5.633760053536966683e-02 9.624736538250276974e-01 5.658949650586512364e-02 -4.424654658875284974e-02 9.974165990197789711e-01 0.000000000000000000e+00
-9.731136113683358513e-01 -2.257287030634011205e-01 4.578702854510605103e-02 4.953899898079265340e-01 2.230749311984791816e-01 -9.731561265081161149e-01 -5.661032158991424756e-02 9.635253932620710948e-01 5.733650181576534222e-02 -4.487433624060198356e-02 9.973458875969239967e-01 0.000000000000000000e+00
-9.756237693104669040e-01 -2.144315087761096694e-01 4.666249886619847770e-02 4.906200348517577026e-01 2.117171920069306768e-01 -9.756696067182480947e-01 -5.696182173139714700e-02 9.644086741515586203e-01 5.774159129377385430e-02 -4.569405399239842569e-02 9.972852962240055241e-01 0.000000000000000000e+00
-9.780091842695542992e-01 -2.032542885568515145e-01 4.675178785511389240e-02 4.858264291228683862e-01 2.006231083127822945e-01 -9.780989752919456715e-01 -5.543250800535500650e-02 9.652593001641676107e-01 5.699477077170372191e-02 -4.483401293766004631e-02 9.973672881083411879e-01 0.000000000000000000e+00
-9.800491615096782461e-01 -1.930034157338426093e-01 4.746917462150034711e-02 4.809451950931189490e-01 1.903332511283620243e-01 -9.801478166902746203e-01 -5.552937017647434359e-02 9.661487979392012759e-01 5.724416598296146880e-02 -4.538655034652411269e-02 9.973280134983463219e-01 0.000000000000000000e+00
-9.819446521292443109e-01 -1.829193992845768169e-01 4.822026047365218782e-02 4.761359799133699777e-01 1.801481602508334945e-01 -9.820059489036736533e-01 -5.666530398784881684e-02 9.668708388783586738e-01 5.771776600854637562e-02 -4.695540100100166481e-02 9.972280831403705914e-01 0.000000000000000000e+00
-9.835487605066053352e-01 -1.739004512686393167e-01 4.889242021503973495e-02 4.712989057621654321e-01 1.711616778098239144e-01 -9.836758727111694078e-01 -5.554689455987085051e-02 9.676176075203408722e-01 5.775392415452349631e-02 -4.626457061816292154e-02 9.972582783563497255e-01 0.000000000000000000e+00
-9.850706254502706871e-01 -1.649353413350444497e-01 4.931729974060889560e-02 4.663018926193772118e-01 1.622144669716754084e-01 -9.852284962467646734e-01 -5.487510262800716909e-02 9.683056614208087609e-01 5.763965284513700854e-02 -4.605587217751358486e-02 9.972745494886855466e-01 0.000000000000000000e+00
-9.865908344268136121e-01 -1.561356125006262974e-01 4.754151800330290445e-02 4.634798471130341935e-01 1.532553605086043880e-01 -9.864125879564481503e-01 -5.918615375609830032e-02 9.695496316278006121e-01 5.613661817728073100e-02 -5.110652434002020683e-02 9.971142378230798409e-01 0.000000000000000000e+00
-9.877519390246430886e-01 -1.481566358532410144e-01 4.894607446678222312e-02 4.564588070113608786e-01 1.454278497656821267e-01 -9.878231027492127003e-01 -5.528343501853559550e-02 9.693730386662394727e-01 5.654067089792832318e-02 -4.748819777132629039e-02 9.972702861345281722e-01 0.000000000000000000e+00
-9.889376500472586429e-01 -1.395824157339517757e-01 5.019037295020069983e-02 4.514791859357354387e-01 1.368395314604183566e-01 -9.890939759079957483e-01 -5.447980774751652600e-02 9.699281272088153827e-01 5.724741870773874391e-02 -4.700910593052630426e-02 9.972526645795003475e-01 0.000000000000000000e+00
-9.904056597542948426e-01 -1.287839828954726040e-01 5.011302102486690779e-02 4.466156344761921249e-01 1.259774674458086774e-01 -9.904717494513007869e-01 -5.563624030090463107e-02 9.703573761044576029e-01 5.680058822406984509e-02 -4.878933580669463782e-02 9.971927064960620646e-01 0.000000000000000000e+00
-9.915977770709724082e-01 -1.192795392101233948e-01 5.006236144776861352e-02 4.416254604944145901e-01 1.164788495761652359e-01 -9.916374448326686908e-01 -5.556847673950958411e-02 9.707495080278678579e-01 5.627189448845192066e-02 -4.927037174161548461e-02 9.971990294615835637e-01 0.000000000000000000e+00
-9.926702142444054910e-01 -1.095147977006482587e-01 5.111120069566277985e-02 4.388741190996701680e-01 1.064822073351287257e-01 -9.925800928642976029e-01 -5.870518521000780282e-02 9.718297058299908420e-01 5.716104681515980085e-02 -5.283245531005300449e-02 9.969660708333590859e-01 0.000000000000000000e+00
-9.938159813268538922e-01 -9.874162830371693844e-02 5.079257917523733595e-02 4.317450188651512644e-01 9.583572824655076094e-02 -9.937763860681441130e-01 -5.678034593758689991e-02 9.714084583074670265e-01 5.608304958537311397e-02 -5.156147140326172024e-02 9.970938301965042161e-01 0.000000000000000000e+00
-9.948427289569109488e-01 -8.783835236701705018e-02 5.071852220850003867e-02 4.267738437759691084e-01 8.499073688803730764e-02 -9.948173681023869674e-01 -5.581199481355807179e-02 9.716262505244330772e-01 5.535810044424190057e-02 -5.121355265247636013e-02 9.971522715914141743e-01 0.000000000000000000e+00
-9.957159954520476974e-01 -7.710964816326490445e-02 5.102703754947304077e-02 4.217448102892801254e-01 7.426909011472790367e-02 -9.956980973339658592e-01 -5.540217702447160913e-02 9.718442342575379644e-01 5.507956657843505327e-02 -5.137510219608289880e-02 9.971593855647521432e-01 0.000000000000000000e+00
-9.963809852515089771e-01 -6.660691967783992362e-02 5.280578074663584004e-02 4.169197014960996928e-01 6.364429535279549077e-02 -9.964041360182765983e-01 -5.593032625255887902e-02 9.719925441683974210e-01 5.634124508988180152e-02 -5.236712687078910744e-02 9.970372852230855454e-01 0.000000000000000000e+00
-9.969753129981718809e-01 -5.690394157204675674e-02 5.293549570715626318e-02 4.120088626733083847e-01 5.390484231373439405e-02 -9.969488441552175617e-01 -5.645591300038745042e-02 9.721022778675975085e-01 5.598654523480350864e-02 -5.343167198526521666e-02 9.970007839422848628e-01 0.000000000000000000e+00
-9.974672107279908273e-01 -4.696903863657881512e-02 5.341416415219259889e-02 4.072264430401999480e-01 4.396848930188252541e-02 -9.974606434224776441e-01 -5.602710747242877626e-02 9.722200704440183694e-01 5.591006591868812742e-02 -5.353666251058623177e-02 9.969994434783779891e-01 0.000000000000000000e+00
-9.978859165340071558e-01 -3.708301191097550936e-02 5.337178852816394647e-02 4.023900443936863081e-01 3.412372646147849437e-02 -9.978849158280024279e-01 -5.532870914202394491e-02 9.722169941698501905e-01 5.531065788314940002e-02 -5.339049532033712103e-02 9.970407143813047046e-01 0.000000000000000000e+00
-9.981457704217960858e-01 -2.737047840807569840e-02 5.436798599168837093e-02 3.976387514655261302e-01 2.435046921160044162e-02 -9.981642758395151693e-01 -5.545388252369192611e-02 9.723042753132763449e-01 5.578598066050519805e-02 -5.402717232550290766e-02 9.969799341071295951e-01 0.000000000000000000e+00
-9.983717065811186231e-01 -1.755866034535156356e-02 5.427364871815273245e-02 3.926577735176720596e-01 1.458350644735741802e-02 -9.983943719175414344e-01 -5.473572382894054122e-02 9.722293634665886142e-01 5.514759140710270152e-02 -5.385509790404938157e-02 9.970247597686533458e-01 0.000000000000000000e+00
-9.984063201284019140e-01 -8.220817549425217183e-03 5.583223160936868351e-02 3.878216965177396225e-01 5.176434905451642206e-03 -9.985028274245537627e-01 -5.445464302372816229e-02 9.721279988031883423e-01 5.619630280839432029e-02 -5.407884784267418671e-02 9.969540880936675897e-01 0.000000000000000000e+00
-9.984856463551053940e-01 1.831998201257150315e-03 5.498234085065809712e-02 3.827717697190045620e-01 -4.797442766804455722e-03 -9.985374528622573687e-01 -5.385108888643072578e-02 9.720388550274784434e-01 5.480327148744489757e-02 -5.403331392710998549e-02 9.970341029374711894e-01 0.000000000000000000e+00
-9.983238074302260845e-01 1.179785243080936491e-02 5.666026999616123605e-02 3.779289100832153858e-01 -1.478722254505283884e-02 -9.985044076507321176e-01 -5.263350597731392133e-02 9.718771302112164667e-01 5.595456699341104512e-02 -5.338313010756960686e-02 9.970051794511894938e-01 0.000000000000000000e+00
-9.981544140888674033e-01 2.271699773952703602e-02 5.631788036327482067e-02 3.729740489329737008e-01 -2.575619634754105006e-02 -9.982173423882132468e-01 -5.384009384389448066e-02 9.715734750780004036e-01 5.499439957501785908e-02 -5.519126170975596074e-02 9.969601499790592403e-01 0.000000000000000000e+00
-9.978468670580251665e-01 3.416776239744336030e-02 5.598387192072171864e-02 3.679003426003651378e-01 -3.713076245158869471e-02 -9.979161608812689988e-01 -5.276971036260165449e-02 9.713433655400874889e-01 5.406418761294402159e-02 -5.473481401028995608e-02 9.970361897910282600e-01 0.000000000000000000e+00
-9.974198350212142294e-01 4.362708596450036447e-02 5.701184154629504452e-02 3.631614994079592762e-01 -4.671501659285826058e-02 -9.974474846090046753e-01 -5.400206173747688215e-02 9.710111370909134676e-01 5.451036535359798929e-02 -5.652603663282419061e-02 9.969119455857682333e-01 0.000000000000000000e+00
-9.969144008408558078e-01 5.464140620215432453e-02 5.635595908480984378e-02 3.580941311896657098e-01 -5.757763409085177309e-02 -9.969929200602799524e-01 -5.186456788768657733e-02 9.705172872908995885e-01 5.335253928931193296e-02 -5.494937741164714062e-02 9.970627224369864594e-01 0.000000000000000000e+00
-9.962997323697012630e-01 6.432965714473624919e-02 5.699595153782910373e-02 3.532558499467267632e-01 -6.728274229633897374e-02 -9.964037677307345797e-01 -5.150305079391861995e-02 9.701836167251297605e-01 5.347780725821055237e-02 -5.514731964145862253e-02 9.970450828659739306e-01 0.000000000000000000e+00
-9.954672587011014206e-01 7.523705242354480904e-02 5.817493271789374309e-02 3.484708626715325441e-01 -7.822128798427058216e-02 -9.956386785729619548e-01 -5.084340503514896137e-02 9.696742220111413957e-01 5.409590520729366803e-02 -5.516346319896144046e-02 9.970108451605231847e-01 0.000000000000000000e+00
-9.946196250133569894e-01 8.593516616400354025e-02 5.785281976407450483e-02 3.435330892899344235e-01 -8.894273994625309654e-02 -9.946999043333595303e-01 -5.158768583740539621e-02 9.690063337024917844e-01 5.311299793028615573e-02 -5.645571304634054016e-02 9.969913549852310597e-01 0.000000000000000000e+00
-9.937116852949247070e-01 9.558315038052139778e-02 5.831764631443495106e-02 3.386956639758202381e-01 -9.858496090707566384e-02 -9.938225506998309422e-01 -5.096806062067389675e-02 9.684248961413992607e-01 5.308570420811292712e-02 -5.639680029768497083e-02 9.969961428836683348e-01 0.000000000000000000e+00
